100 990 100

53 28 79
20 52 87
17 47 26
86 98 46
74 27 18
66 55 78
17 35 62
86 29 87
99 30 87
43 77 40
63 54 23
64 44 14
95 59 2
100 83 13
4 39 45
96 76 4
99 10 77
84 7 64
90 34 77
80 67 30
65 38 66
9 67 77
56 5 63
38 78 35
28 12 48
63 89 57
6 33 48
2 11 10
29 59 100
60 61 73
81 13 24
48 92 9
36 76 64
32 93 20
50 87 83
10 26 99
23 63 24
85 57 89
8 15 1
97 1 69
43 55 28
28 100 90
91 94 13
34 52 2
68 1 72
4 75 25
18 57 13
91 56 51
24 91 3
1 62 48
7 89 58
68 19 48
82 70 42
48 51 4
49 87 2
53 30 7
88 32 88
62 25 72
63 8 92
40 48 41
61 31 64
4 54 15
96 14 47
73 87 3
46 60 26
46 58 27
41 22 36
79 85 1
9 88 12
6 74 22
75 82 55
16 20 14
81 91 23
42 33 47
72 37 45
78 2 46
56 20 39
45 66 12
77 41 97
92 27 6
21 71 53
9 53 44
78 17 92
95 77 11
60 37 1
69 64 88
88 36 26
65 18 61
17 71 67
6 69 22
45 44 41
25 91 84
3 89 33
31 2 92
12 73 91
33 58 81
16 30 79
15 31 81
87 39 46
1 2 14
1 3 64
1 4 53
1 8 44
1 9 12
1 10 36
1 11 60
1 14 87
1 16 81
1 17 69
1 18 44
1 21 22
1 23 89
1 24 17
1 25 22
1 26 33
1 27 10
1 28 82
1 29 59
1 30 61
1 31 20
1 34 79
1 35 30
1 37 39
1 38 14
1 39 89
1 41 21
1 44 72
1 45 33
1 46 84
1 47 41
1 48 51
1 49 52
1 50 79
1 52 52
1 54 73
1 55 15
1 56 60
1 59 94
1 60 28
1 64 57
1 66 33
1 67 29
1 69 53
1 70 27
1 71 85
1 73 47
1 75 72
1 76 25
1 77 89
1 78 40
1 79 56
1 80 67
1 81 11
1 82 93
1 83 36
1 84 25
1 87 81
1 89 47
1 90 32
1 91 69
1 92 7
1 93 77
1 95 15
1 98 13
1 99 56
2 3 81
2 7 58
2 8 49
2 9 96
2 10 31
2 13 81
2 14 23
2 16 45
2 17 21
2 18 9
2 20 63
2 22 33
2 23 46
2 24 70
2 25 68
2 27 10
2 32 67
2 33 20
2 34 15
2 37 39
2 38 17
2 39 44
2 40 82
2 41 2
2 42 2
2 43 1
2 45 34
2 47 70
2 48 32
2 49 91
2 50 88
2 54 79
2 56 78
2 57 35
2 59 88
2 61 47
2 63 5
2 64 44
2 65 63
2 67 26
2 69 76
2 70 86
2 71 44
2 73 10
2 74 27
2 79 99
2 80 63
2 81 88
2 82 9
2 83 85
2 85 67
2 86 43
2 87 5
2 92 56
2 93 60
2 94 4
2 95 56
2 96 12
2 97 90
2 98 95
2 99 4
2 100 84
3 5 70
3 6 40
3 7 20
3 9 98
3 11 97
3 12 43
3 14 10
3 15 26
3 17 9
3 18 34
3 19 9
3 20 17
3 21 92
3 23 61
3 25 26
3 26 99
3 27 60
3 29 48
3 32 28
3 33 28
3 34 21
3 35 36
3 36 15
3 37 67
3 39 97
3 41 35
3 42 38
3 44 45
3 46 29
3 47 33
3 48 85
3 49 38
3 50 43
3 51 14
3 52 55
3 53 68
3 55 24
3 56 71
3 57 28
3 58 5
3 59 7
3 60 7
3 61 56
3 62 80
3 63 3
3 64 29
3 65 4
3 66 24
3 67 86
3 68 6
3 69 12
3 70 41
3 73 39
3 75 31
3 78 3
3 79 5
3 80 37
3 81 80
3 82 3
3 83 22
3 85 67
3 86 1
3 87 53
3 88 83
3 90 61
3 91 29
3 93 49
3 95 72
3 96 65
3 97 67
3 98 62
3 100 8
4 6 55
4 7 56
4 8 76
4 9 53
4 10 11
4 12 57
4 13 64
4 14 46
4 15 96
4 17 24
4 18 75
4 19 16
4 20 40
4 21 1
4 23 4
4 24 31
4 25 40
4 26 85
4 27 36
4 28 95
4 29 91
4 30 63
4 31 69
4 32 69
4 33 24
4 34 19
4 35 21
4 36 3
4 37 88
4 38 99
4 40 47
4 41 85
4 44 37
4 45 74
4 46 38
4 47 66
4 48 54
4 49 6
4 50 29
4 53 67
4 55 13
4 56 55
4 57 68
4 58 40
4 59 27
4 60 47
4 61 80
4 62 30
4 63 17
4 64 60
4 65 1
4 66 80
4 68 71
4 69 97
4 70 27
4 71 79
4 72 52
4 73 12
4 74 87
4 76 33
4 77 48
4 78 27
4 79 60
4 80 42
4 81 48
4 82 93
4 84 40
4 85 60
4 86 24
4 88 96
4 90 82
4 92 82
4 94 17
4 95 21
4 97 62
4 99 64
4 100 1
5 6 72
5 7 95
5 9 19
5 10 19
5 12 58
5 13 40
5 15 18
5 17 87
5 18 56
5 19 97
5 20 66
5 22 89
5 23 97
5 24 94
5 25 60
5 26 85
5 27 24
5 28 91
5 29 87
5 30 9
5 31 67
5 33 80
5 34 44
5 35 76
5 36 37
5 37 93
5 40 5
5 41 61
5 43 32
5 44 66
5 45 63
5 46 17
5 48 99
5 49 77
5 50 37
5 52 94
5 53 19
5 54 91
5 55 92
5 57 82
5 58 65
5 59 18
5 60 60
5 62 17
5 63 49
5 64 23
5 67 48
5 68 78
5 69 22
5 70 88
5 71 64
5 72 52
5 74 52
5 75 10
5 76 64
5 78 4
5 79 30
5 80 78
5 81 45
5 82 12
5 83 29
5 84 19
5 86 93
5 88 75
5 89 29
5 90 75
5 91 78
5 92 98
5 93 97
5 94 71
5 95 29
5 96 2
5 97 51
5 98 94
5 99 80
5 100 99
6 7 51
6 8 57
6 10 94
6 11 67
6 12 80
6 15 82
6 18 30
6 19 24
6 21 44
6 22 37
6 23 23
6 24 80
6 25 15
6 26 100
6 27 39
6 28 83
6 29 11
6 30 27
6 34 17
6 35 62
6 36 9
6 37 21
6 38 30
6 39 83
6 40 55
6 42 97
6 44 20
6 46 93
6 48 89
6 50 37
6 51 27
6 52 96
6 53 60
6 54 56
6 55 3
6 56 19
6 59 58
6 60 20
6 61 61
6 62 69
6 65 92
6 66 14
6 67 39
6 68 31
6 70 71
6 71 71
6 72 2
6 73 13
6 75 25
6 77 48
6 78 50
6 79 80
6 81 95
6 83 67
6 84 13
6 86 5
6 87 18
6 88 19
6 89 59
6 90 75
6 91 42
6 92 97
6 93 94
6 94 98
6 95 41
6 96 69
6 100 100
7 8 13
7 9 83
7 10 9
7 11 17
7 12 24
7 13 94
7 14 34
7 15 73
7 16 14
7 18 14
7 22 3
7 23 56
7 24 24
7 25 74
7 26 84
7 27 52
7 28 39
7 31 23
7 32 87
7 33 63
7 34 27
7 35 24
7 36 6
7 37 33
7 39 84
7 40 82
7 42 74
7 43 13
7 44 36
7 45 87
7 47 15
7 48 82
7 49 16
7 50 89
7 51 57
7 53 98
7 57 49
7 60 3
7 61 23
7 62 75
7 63 6
7 65 69
7 66 57
7 67 36
7 68 65
7 70 12
7 72 98
7 73 16
7 74 66
7 75 87
7 76 67
7 77 3
7 78 86
7 79 7
7 80 67
7 81 52
7 82 66
7 83 18
7 85 63
7 86 12
7 87 76
7 90 21
7 91 30
7 92 99
7 95 90
7 96 96
7 97 81
7 98 45
7 100 22
8 9 12
8 10 71
8 11 44
8 12 83
8 13 40
8 14 15
8 18 16
8 19 31
8 20 43
8 21 73
8 22 3
8 23 81
8 24 52
8 25 23
8 26 76
8 27 41
8 28 76
8 29 78
8 30 56
8 31 66
8 32 20
8 33 56
8 34 74
8 35 46
8 36 88
8 37 43
8 38 7
8 39 87
8 40 39
8 41 86
8 42 76
8 43 66
8 44 91
8 45 9
8 46 33
8 49 93
8 50 89
8 52 93
8 55 82
8 56 10
8 58 34
8 59 19
8 60 77
8 61 3
8 64 56
8 65 19
8 67 91
8 68 38
8 69 39
8 70 62
8 71 81
8 73 35
8 74 92
8 75 17
8 76 65
8 77 76
8 78 58
8 79 34
8 80 39
8 81 20
8 82 10
8 83 9
8 84 95
8 86 46
8 87 22
8 88 61
8 89 46
8 90 55
8 91 24
8 92 54
8 93 26
8 96 80
8 98 27
9 10 77
9 11 90
9 15 95
9 16 4
9 17 33
9 18 25
9 19 45
9 20 8
9 21 20
9 22 74
9 23 54
9 24 85
9 26 69
9 27 58
9 28 69
9 29 84
9 31 73
9 32 2
9 33 36
9 34 73
9 36 27
9 37 98
9 39 39
9 40 72
9 43 11
9 44 77
9 45 6
9 46 64
9 47 17
9 49 19
9 51 98
9 52 26
9 55 90
9 56 94
9 57 32
9 60 67
9 61 67
9 63 63
9 64 49
9 65 12
9 66 17
9 69 33
9 70 19
9 71 49
9 74 28
9 75 47
9 78 75
9 79 28
9 80 88
9 81 24
9 82 65
9 83 9
9 85 63
9 86 28
9 87 61
9 89 38
9 90 22
9 92 16
9 94 100
9 95 48
9 96 1
9 97 40
9 98 36
9 99 53
9 100 29
10 12 36
10 13 71
10 14 92
10 15 61
10 16 82
10 17 12
10 19 9
10 20 69
10 23 30
10 25 95
10 27 61
10 28 82
10 30 9
10 31 48
10 32 44
10 33 72
10 34 42
10 35 66
10 39 11
10 40 20
10 42 23
10 44 57
10 45 31
10 46 45
10 47 92
10 48 90
10 49 78
10 52 44
10 53 32
10 54 54
10 56 9
10 57 1
10 59 43
10 61 20
10 62 66
10 63 17
10 64 48
10 65 15
10 66 24
10 68 3
10 69 21
10 70 73
10 71 73
10 72 78
10 74 61
10 75 5
10 76 63
10 77 89
10 78 78
10 79 53
10 81 49
10 83 73
10 84 44
10 86 53
10 87 14
10 91 34
10 92 73
10 93 33
10 94 87
10 96 67
10 98 85
11 12 11
11 13 61
11 14 83
11 15 35
11 16 82
11 17 80
11 18 38
11 20 19
11 24 87
11 25 12
11 26 75
11 27 20
11 28 97
11 29 40
11 30 62
11 31 33
11 33 45
11 34 84
11 36 86
11 37 4
11 39 56
11 40 56
11 41 46
11 44 1
11 45 90
11 47 48
11 48 78
11 50 39
11 51 43
11 52 2
11 53 41
11 54 59
11 55 19
11 57 47
11 58 54
11 59 73
11 61 50
11 62 69
11 63 67
11 64 17
11 65 38
11 68 99
11 69 47
11 70 79
11 71 92
11 72 11
11 73 54
11 75 76
11 76 27
11 78 8
11 79 35
11 81 32
11 82 72
11 84 84
11 85 34
11 86 60
11 89 97
11 90 8
11 91 10
11 92 60
11 93 73
11 94 37
11 95 43
11 96 98
11 98 52
11 99 84
11 100 83
12 13 27
12 14 60
12 16 77
12 17 36
12 18 20
12 19 12
12 20 98
12 22 65
12 23 59
12 24 53
12 26 47
12 27 27
12 29 60
12 30 55
12 31 84
12 32 12
12 33 100
12 34 97
12 35 78
12 36 72
12 37 98
12 38 78
12 40 19
12 41 55
12 42 87
12 43 94
12 44 15
12 45 100
12 46 48
12 47 33
12 48 59
12 51 90
12 52 48
12 53 36
12 54 8
12 55 47
12 56 31
12 57 20
12 59 34
12 60 41
12 61 70
12 62 39
12 63 23
12 64 73
12 65 18
12 66 11
12 67 9
12 68 21
12 69 78
12 70 72
12 71 15
12 74 100
12 75 43
12 76 75
12 77 15
12 78 93
12 79 93
12 82 83
12 83 76
12 84 30
12 86 15
12 87 19
12 88 56
12 90 4
12 93 39
12 96 24
12 98 65
12 99 81
12 100 8
13 15 20
13 17 1
13 18 91
13 19 44
13 20 63
13 21 32
13 22 39
13 23 64
13 25 50
13 26 23
13 27 33
13 28 97
13 29 96
13 30 22
13 31 66
13 32 64
13 33 23
13 34 57
13 35 83
13 37 76
13 38 10
13 39 93
13 40 61
13 41 34
13 42 58
13 43 65
13 44 32
13 47 96
13 48 57
13 51 90
13 52 14
13 53 2
13 54 36
13 55 97
13 57 75
13 58 11
13 59 17
13 60 8
13 62 42
13 63 51
13 64 85
13 65 56
13 67 85
13 69 68
13 70 42
13 72 46
13 76 95
13 77 8
13 78 72
13 79 87
13 80 18
13 85 100
13 86 32
13 87 49
13 88 82
13 91 63
13 92 49
13 93 54
13 94 84
13 95 93
13 96 17
13 97 95
13 99 9
13 100 86
14 15 98
14 16 28
14 17 74
