set V := 93
44
56
16
9
58
24
27
52
29
13
43
66
77
100
4
80
63
7
6
69
40
78
45
84
81
34
21
73
46
99
49
38
67
1
76
90
39
74
48
61
72
12
2
22
68
8
41
89
82
75
37
85
94
62
70
91
64
88
15
60
17
96
51
86
83
30
32
42
26
65
3
95
5
50
23
18
57
53
79
14
87
35
36
98
54
28
59
31
19
55
47
20
11
97
25
92
33
10
71;

set E:= 
(83, 2)
(31, 8)
(25, 7)
(81, 4)
(47, 11)
(25, 6)
(12, 8)
(60, 46)
(1, 47)
(25, 1)
(8, 29)
(2, 45)
(17, 5)
(30, 10)
(24, 6)
(26, 6)
(83, 7)
(25, 11)
(76, 12)
(93, 11)
(2, 93)
(6, 93)
(83, 1)
(29, 12)
(11, 52)
(64, 5)
(20, 9)
(8, 40)
(5, 15)
(5, 91)
(52, 20)
(15, 31)
(1, 39)
(65, 10)
(69, 11)
(70, 9)
(59, 6)
(29, 4)
(6, 55)
(89, 11)
(17, 3)
(12, 67)
(4, 99)
(24, 9)
(11, 12)
(93, 1)
(50, 8)
(9, 47)
(8, 58)
(2, 47)
(3, 82)
(9, 74)
(8, 46)
(76, 11)
(9, 100)
(6, 36)
(4, 27)
(58, 8)
(84, 4)
(64, 69)
(10, 8)
(4, 46)
(1, 34)
(4, 35)
(49, 87)
(14, 96)
(11, 33)
(1, 99)
(8, 75)
(87, 2)
(16, 30)
(9, 83)
(14, 11)
(34, 2)
(37, 3)
(8, 25)
(19, 3)
(81, 9)
(4, 86)
(91, 3)
(11, 30)
(64, 1)
(43, 7)
(12, 78)
(60, 1)
(64, 3)
(94, 5)
(22, 6)
(7, 40)
(49, 10)
(10, 86)
(31, 61)
(2, 3)
(60, 9)
(10, 32)
(7, 100)
(80, 5)
(80, 4)
(61, 8)
(36, 6)
(76, 4)
(5, 40)
(28, 100)
(2, 98)
(54, 4)
(4, 72)
(13, 58)
(13, 34)
(12, 20)
(8, 41)
(37, 11)
(5, 60)
(19, 12)
(5, 89)
(44, 6)
(13, 99)
(8, 27)
(1, 52)
(51, 7)
(96, 76)
(2, 100)
(81, 10)
(71, 9)
(6, 48)
(61, 11)
(39, 3)
(98, 12)
(7, 78)
(11, 91)
(8, 31)
(54, 2)
(80, 8)
(39, 13)
(10, 23)
(70, 8)
(3, 35)
(1, 90)
(88, 3)
(12, 18)
(69, 2)
(60, 3)
(79, 13)
(64, 9)
(76, 1)
(5, 57)
(12, 26)
(2, 27)
(98, 86)
(8, 7)
(12, 19)
(15, 9)
(13, 37)
(1, 67)
(6, 8)
(17, 4)
(5, 95)
(13, 72)
(74, 5)
(11, 6)
(12, 56)
(37, 4)
(12, 55)
(3, 32)
(10, 7)
(2, 81)
(89, 5)
(7, 72)
(23, 5)
(7, 12)
(3, 21)
(78, 17)
(23, 8)
(7, 61)
(50, 2)
(43, 5)
(99, 2)
(3, 51)
(12, 69)
(86, 9)
(83, 5)
(82, 12)
(6, 72)
(44, 13)
(67, 9)
(26, 10)
(4, 64)
(36, 5)
(82, 11)
(47, 3)
(59, 95)
(13, 77)
(96, 12)
(85, 11)
(8, 59)
(5, 97)
(57, 2)
(1, 11)
(1, 80)
(14, 2)
(1, 95)
(89, 6)
(8, 18)
(40, 48)
(13, 64)
(3, 17)
(47, 10)
(76, 36)
(79, 7)
(5, 54)
(9, 3)
(9, 70)
(23, 9)
(31, 13)
(14, 3)
(7, 4)
(26, 12)
(1, 78)
(6, 39)
(9, 19)
(5, 82)
(90, 6)
(4, 21)
(1, 64)
(10, 30)
(8, 83)
(4, 55)
(12, 41)
(83, 100)
(95, 2)
(3, 66)
(15, 10)
(73, 3)
(11, 41)
(39, 7)
(5, 19)
(18, 7)
(78, 4)
(17, 35)
(4, 18)
(51, 9)
(9, 79)
(7, 50)
(59, 13)
(53, 3)
(11, 45)
(58, 11)
(86, 10)
(95, 13)
(79, 11)
(32, 9)
(12, 24)
(3, 79)
(4, 54)
(5, 46)
(98, 1)
(11, 24)
(82, 9)
(7, 57)
(10, 49)
(12, 87)
(3, 36)
(15, 13)
(9, 61)
(13, 32)
(44, 11)
(3, 93)
(51, 12)
(77, 4)
(62, 12)
(94, 4)
(55, 43)
(7, 48)
(68, 7)
(4, 50)
(10, 68)
(62, 6)
(52, 10)
(76, 13)
(8, 61)
(54, 5)
(48, 13)
(31, 7)
(7, 95)
(10, 64)
(100, 11)
(11, 73)
(42, 3)
(11, 89)
(43, 2)
(37, 6)
(4, 58)
(46, 6)
(80, 1)
(31, 4)
(66, 1)
(3, 69)
(38, 8)
(6, 74)
(4, 97)
(76, 7)
(9, 18)
(86, 12)
(2, 34)
(85, 9)
(23, 3)
(60, 8)
(97, 13)
(8, 39)
(73, 6)
(34, 9)
(5, 43)
(59, 29)
(3, 2)
(34, 13)
(5, 83)
(37, 72)
(17, 14)
(2, 99)
(8, 77)
(9, 27)
(13, 42)
(19, 10)
(77, 8)
(64, 2)
(10, 57)
(68, 11)
(95, 5)
(45, 5)
(7, 81)
(85, 57)
(3, 47)
(31, 11)
(13, 87)
(96, 7)
(49, 8)
(33, 58)
(62, 25)
(49, 7)
(100, 4)
(50, 4)
(6, 79)
(7, 62)
(4, 19)
(11, 86)
(20, 8)
(5, 58)
(67, 1)
(66, 4)
(29, 1)
(13, 26)
(46, 8)
(50, 6)
(32, 2)
(27, 10)
(100, 13)
(53, 28)
(58, 33)
(11, 20)
(1, 27)
(19, 9)
(99, 12)
(12, 65)
(26, 7)
(34, 10)
(31, 5)
(9, 24)
(50, 7)
(69, 13)
(83, 6)
(67, 2)
(11, 17)
(7, 75)
(62, 5)
(4, 6)
(2, 70)
(4, 78)
(92, 5)
(12, 57)
(27, 7)
(4, 25)
(6, 92)
(64, 11)
(20, 5)
(3, 64)
(7, 18)
(11, 79)
(12, 45)
(30, 6)
(13, 63)
(55, 8)
(3, 27)
(52, 6)
(10, 77)
(29, 6)
(7, 74)
(1, 49)
(100, 28)
(2, 56)
(1, 31)
(2, 39)
(9, 21)
(6, 88)
(95, 3)
(70, 6)
(92, 9)
(70, 10)
(12, 76)
(10, 99)
(54, 12)
(69, 64)
(1, 84)
(93, 12)
(10, 17)
(28, 6)
(28, 13)
(8, 70)
(4, 94)
(7, 68)
(10, 91)
(10, 26)
(8, 34)
(9, 89)
(13, 19)
(6, 53)
(71, 8)
(87, 9)
(11, 34)
(8, 13)
(58, 13)
(89, 3)
(21, 71)
(10, 59)
(18, 13)
(40, 10)
(6, 68)
(92, 48)
(85, 2)
(11, 14)
(48, 1)
(12, 47)
(33, 9)
(21, 3)
(43, 13)
(7, 37)
(76, 8)
(7, 53)
(6, 26)
(79, 4)
(1, 55)
(3, 60)
(3, 55)
(57, 5)
(29, 3)
(96, 9)
(1, 45)
(2, 83)
(51, 11)
(40, 4)
(61, 10)
(4, 26)
(75, 5)
(51, 3)
(5, 81)
(56, 12)
(3, 12)
(8, 78)
(66, 6)
(28, 53)
(8, 11)
(4, 70)
(13, 97)
(77, 10)
(60, 6)
(14, 10)
(54, 6)
(9, 92)
(32, 12)
(10, 78)
(13, 60)
(33, 10)
(6, 61)
(73, 87)
(94, 9)
(62, 4)
(4, 80)
(7, 90)
(45, 9)
(8, 74)
(95, 7)
(78, 2)
(3, 95)
(10, 2)
(49, 4)
(58, 4)
(60, 7)
(11, 57)
(85, 7)
(78, 1)
(1, 14)
(7, 85)
(4, 17)
(46, 10)
(3, 98)
(4, 73)
(9, 51)
(92, 2)
(34, 8)
(15, 6)
(4, 69)
(6, 51)
(66, 9)
(6, 73)
(45, 66)
(12, 74)
(16, 7)
(25, 10)
(18, 3)
(9, 44)
(48, 92)
(74, 12)
(7, 80)
(8, 20)
(3, 87)
(52, 12)
(10, 33)
(9, 99)
(8, 79)
(34, 3)
(3, 29)
(10, 52)
(75, 11)
(4, 92)
(92, 1)
(8, 1)
(8, 19)
(10, 6)
(4, 75)
(6, 27)
(52, 11)
(11, 18)
(48, 10)
(91, 7)
(11, 58)
(3, 48)
(8, 10)
(29, 59)
(62, 13)
(100, 7)
(10, 93)
(48, 40)
(48, 4)
(5, 33)
(7, 5)
(11, 25)
(7, 10)
(10, 74)
(83, 10)
(11, 76)
(99, 13)
(32, 13)
(5, 52)
(3, 25)
(81, 6)
(3, 42)
(86, 6)
(25, 5)
(8, 44)
(13, 15)
(13, 59)
(42, 10)
(26, 5)
(4, 95)
(8, 36)
(13, 52)
(12, 64)
(45, 12)
(12, 38)
(1, 87)
(22, 12)
(57, 3)
(13, 51)
(13, 35)
(39, 2)
(12, 5)
(2, 20)
(4, 81)
(1, 70)
(6, 15)
(85, 13)
(65, 4)
(64, 8)
(63, 4)
(6, 62)
(32, 93)
(1, 16)
(91, 56)
(7, 44)
(1, 60)
(18, 4)
(2, 9)
(36, 12)
(9, 7)
(72, 10)
(12, 22)
(4, 53)
(6, 94)
(11, 92)
(17, 1)
(50, 11)
(2, 31)
(44, 64)
(16, 11)
(11, 48)
(12, 3)
(3, 20)
(4, 74)
(67, 5)
(7, 25)
(10, 69)
(4, 7)
(6, 24)
(8, 49)
(53, 4)
(4, 36)
(10, 39)
(9, 90)
(12, 86)
(1, 18)
(8, 67)
(6, 38)
(36, 76)
(84, 1)
(13, 29)
(5, 84)
(11, 37)
(9, 2)
(16, 14)
(56, 1)
(21, 4)
(55, 5)
(81, 1)
(100, 9)
(86, 8)
(37, 1)
(13, 70)
(24, 5)
(33, 4)
(28, 10)
(65, 2)
(2, 7)
(7, 27)
(59, 4)
(80, 67)
(88, 36)
(14, 1)
(8, 30)
(14, 4)
(11, 81)
(9, 82)
(11, 98)
(10, 62)
(3, 81)
(5, 17)
(12, 17)
(92, 27)
(2, 37)
(53, 9)
(94, 6)
(72, 6)
(2, 23)
(1, 41)
(69, 8)
(7, 43)
(66, 45)
(57, 9)
(78, 12)
(12, 35)
(13, 28)
(100, 5)
(80, 9)
(91, 5)
(15, 11)
(63, 7)
(68, 19)
(7, 83)
(28, 8)
(64, 12)
(81, 3)
(5, 31)
(50, 5)
(9, 96)
(5, 37)
(10, 56)
(70, 2)
(12, 60)
(5, 30)
(33, 11)
(19, 8)
(60, 37)
(13, 21)
(36, 4)
(1, 68)
(2, 8)
(8, 6)
(63, 2)
(50, 87)
(8, 42)
(17, 11)
(5, 98)
(5, 64)
(43, 55)
(12, 16)
(11, 100)
(9, 32)
(5, 94)
(26, 8)
(82, 4)
(11, 15)
(2, 33)
(98, 3)
(77, 43)
(6, 3)
(67, 6)
(1, 66)
(70, 7)
(8, 23)
(96, 5)
(1, 38)
(74, 8)
(78, 10)
(44, 8)
(3, 58)
(21, 8)
(4, 12)
(13, 23)
(12, 79)
(2, 1)
(20, 10)
(5, 79)
(68, 3)
(87, 6)
(87, 3)
(5, 7)
(1, 9)
(21, 9)
(100, 3)
(66, 3)
(65, 7)
(67, 7)
(22, 9)
(14, 12)
(8, 21)
(70, 1)
(98, 11)
(20, 2)
(37, 7)
(50, 3)
(2, 54)
(40, 6)
(12, 44)
(49, 3)
(13, 79)
(9, 69)
(41, 77)
(11, 29)
(38, 13)
(45, 44)
(3, 1)
(67, 8)
(66, 10)
(2, 80)
(9, 85)
(10, 44)
(6, 66)
(10, 27)
(7, 26)
(48, 11)
(41, 13)
(9, 63)
(2, 42)
(4, 56)
(42, 7)
(86, 13)
(40, 9)
(18, 2)
(71, 6)
(8, 91)
(63, 89)
(89, 8)
(3, 19)
(74, 4)
(11, 99)
(1, 98)
(6, 30)
(6, 70)
(13, 92)
(21, 1)
(3, 67)
(10, 46)
(4, 28)
(9, 20)
(74, 10)
(57, 4)
(6, 83)
(30, 8)
(7, 11)
(12, 70)
(2, 74)
(6, 18)
(41, 3)
(17, 13)
(92, 4)
(6, 28)
(6, 46)
(10, 15)
(7, 23)
(99, 4)
(1, 79)
(96, 11)
(7, 91)
(13, 31)
(6, 96)
(52, 34)
(26, 11)
(56, 3)
(27, 5)
(15, 14)
(95, 59)
(8, 2)
(5, 13)
(99, 11)
(7, 24)
(41, 5)
(12, 10)
(13, 91)
(7, 35)
(95, 1)
(13, 30)
(69, 10)
(10, 87)
(99, 10)
(79, 85)
(9, 43)
(34, 90)
(48, 3)
(40, 13)
(44, 10)
(12, 53)
(72, 5)
(11, 47)
(53, 10)
(9, 98)
(46, 58)
(65, 9)
(77, 41)
(10, 75)
(10, 96)
(52, 1)
(98, 2)
(74, 2)
(71, 5)
(4, 68)
(31, 1)
(22, 41)
(77, 7)
(79, 9)
(7, 97)
(7, 16)
(6, 33)
(3, 37)
(18, 6)
(34, 6)
(3, 97)
(39, 1)
(59, 8)
(8, 64)
(75, 82)
(6, 34)
(2, 17)
(49, 9)
(99, 30)
(12, 40)
(4, 15)
(7, 79)
(90, 12)
(69, 9)
(39, 10)
(7, 84)
(34, 1)
(55, 12)
(9, 55)
(65, 18)
(12, 83)
(77, 95)
(86, 98)
(44, 3)
(6, 11)
(44, 45)
(13, 54)
(28, 4)
(63, 54)
(38, 4)
(53, 5)
(82, 70)
(1, 62)
(69, 1)
(7, 65)
(8, 92)
(92, 11)
(99, 1)
(36, 8)
(75, 4)
(5, 3)
(5, 22)
(6, 95)
(35, 6)
(70, 82)
(7, 86)
(7, 63)
(20, 11)
(2, 59)
(81, 91)
(29, 13)
(83, 12)
(39, 8)
(1, 24)
(29, 8)
(8, 68)
(86, 29)
(8, 60)
(27, 2)
(5, 55)
(9, 95)
(5, 56)
(94, 13)
(61, 4)
(9, 94)
(52, 13)
(8, 26)
(9, 57)
(71, 1)
(5, 71)
(48, 51)
(40, 11)
(13, 78)
(67, 3)
(78, 5)
(55, 11)
(11, 53)
(36, 88)
(64, 13)
(12, 73)
(11, 94)
(2, 71)
(13, 57)
(55, 66)
(10, 35)
(7, 67)
(13, 2)
(8, 84)
(9, 28)
(3, 59)
(88, 6)
(46, 4)
(79, 6)
(6, 21)
(70, 11)
(5, 41)
(89, 63)
(24, 2)
(39, 87)
(7, 36)
(9, 31)
(1, 3)
(87, 13)
(90, 34)
(41, 8)
(2, 78)
(74, 9)
(6, 54)
(10, 63)
(35, 5)
(1, 46)
(6, 19)
(65, 8)
(2, 69)
(4, 23)
(9, 65)
(53, 13)
(12, 99)
(72, 4)
(71, 21)
(35, 8)
(9, 39)
(75, 12)
(24, 12)
(12, 77)
(22, 2)
(63, 13)
(3, 88)
(3, 96)
(8, 98)
(79, 2)
(1, 92)
(9, 33)
(30, 1)
(59, 2)
(11, 61)
(38, 12)
(13, 85)
(75, 7)
(62, 1)
(93, 13)
(7, 76)
(8, 89)
(10, 94)
(61, 12)
(41, 4)
(2, 40)
(2, 13)
(3, 53)
(55, 9)
(1, 35)
(40, 12)
(15, 8)
(46, 1)
(7, 60)
(45, 10)
(22, 13)
(6, 90)
(8, 52)
(12, 75)
(10, 34)
(28, 11)
(4, 8)
(1, 81)
(9, 11)
(73, 1)
(66, 12)
(62, 11)
(10, 28)
(85, 4)
(7, 14)
(84, 10)
(8, 35)
(4, 1)
(3, 75)
(27, 6)
(5, 44)
(19, 5)
(8, 82)
(11, 8)
(9, 1)
(23, 1)
(79, 10)
(3, 23)
(11, 27)
(80, 7)
(97, 7)
(85, 79)
(88, 13)
(8, 33)
(1, 77)
(5, 59)
(71, 17)
(2, 86)
(60, 61)
(3, 9)
(10, 1)
(56, 20)
(3, 89)
(60, 12)
(13, 43)
(13, 44)
(63, 8)
(3, 65)
(12, 6)
(57, 12)
(41, 2)
(42, 6)
(3, 26)
(71, 10)
(78, 3)
(67, 13)
(16, 10)
(13, 81)
(7, 89)
(5, 80)
(8, 38)
(13, 53)
(33, 13)
(91, 8)
(2, 10)
(4, 88)
(10, 13)
(2, 11)
(12, 61)
(73, 12)
(19, 68)
(46, 12)
(35, 3)
(39, 9)
(9, 40)
(69, 12)
(6, 81)
(8, 4)
(23, 12)
(65, 3)
(34, 5)
(10, 65)
(31, 2)
(93, 3)
(56, 9)
(12, 34)
(25, 62)
(9, 22)
(91, 1)
(68, 1)
(33, 2)
(45, 2)
(11, 70)
(2, 63)
(84, 11)
(97, 5)
(97, 1)
(11, 16)
(2, 97)
(76, 5)
(20, 4)
(2, 41)
(6, 71)
(91, 81)
(82, 2)
(7, 32)
(62, 3)
(46, 5)
(4, 39)
(5, 63)
(1, 93)
(12, 13)
(55, 3)
(11, 68)
(12, 42)
(24, 4)
(45, 11)
(85, 3)
(5, 99)
(11, 84)
(6, 52)
(1, 54)
(84, 8)
(74, 27)
(48, 12)
(38, 1)
(10, 54)
(59, 12)
(1, 29)
(5, 62)
(23, 2)
(7, 6)
(35, 4)
(2, 14)
(5, 25)
(13, 40)
(55, 6)
(3, 62)
(10, 70)
(2, 18)
(9, 17)
(91, 94)
(51, 6)
(13, 4)
(23, 10)
(2, 65)
(8, 15)
(4, 65)
(22, 7)
(32, 4)
(1, 26)
(17, 10)
(72, 13)
(13, 17)
(57, 13)
(9, 87)
(9, 88)
(9, 60)
(13, 94)
(1, 71)
(12, 32)
(1, 50)
(9, 80)
(18, 1)
(65, 6)
(14, 7)
(12, 93)
(2, 48)
(29, 9)
(10, 20)
(1, 75)
(53, 30)
(4, 71)
(52, 8)
(13, 39)
(7, 42)
(9, 29)
(12, 96)
(29, 86)
(69, 4)
(57, 11)
(17, 71)
(10, 98)
(31, 12)
(90, 7)
(9, 46)
(5, 24)
(1, 17)
(90, 11)
(12, 82)
(78, 13)
(11, 72)
(67, 80)
(4, 40)
(4, 48)
(12, 88)
(9, 34)
(11, 75)
(32, 7)
(95, 11)
(11, 40)
(10, 81)
(11, 82)
(57, 10)
(4, 59)
(3, 11)
(72, 37)
(12, 62)
(31, 15)
(20, 56)
(87, 8)
(45, 7)
(87, 73)
(5, 10)
(31, 10)
(14, 16)
(98, 9)
(1, 56)
(9, 78)
(5, 23)
(11, 51)
(7, 45)
(5, 49)
(8, 90)
(6, 100)
(88, 32)
(1, 82)
(13, 100)
(4, 20)
(6, 84)
(2, 85)
(79, 5)
(27, 3)
(6, 29)
(28, 9)
(25, 4)
(40, 8)
(4, 24)
(71, 12)
(55, 1)
(5, 29)
(41, 11)
(36, 11)
(81, 7)
(75, 6)
(6, 86)
(8, 86)
(5, 18)
(91, 25)
(9, 52)
(84, 6)
(87, 50)
(30, 53)
(47, 13)
(5, 92)
(6, 59)
(13, 55)
(63, 11)
(82, 1)
(13, 93)
(80, 3)
(3, 15)
(3, 85)
(19, 13)
(96, 8)
(47, 4)
(92, 6)
(15, 5)
(3, 34)
(8, 63)
(93, 2)
(11, 50)
(54, 13)
(5, 76)
(73, 2)
(31, 9)
(37, 13)
(37, 2)
(40, 7)
(4, 90)
(1, 23)
(82, 5)
(5, 28)
(11, 85)
(79, 3)
(9, 81)
(6, 91)
(87, 7)
(74, 7)
(14, 15)
(40, 2)
(32, 88)
(38, 65)
(7, 13)
(11, 7)
(4, 41)
(81, 13)
(12, 30)
(11, 62)
(5, 100)
(15, 7)
(11, 95)
(1, 97)
(43, 9)
(5, 90)
(98, 10)
(21, 6)
(63, 23)
(48, 7)
(6, 23)
(1, 8)
(20, 13)
(6, 44)
(9, 23)
(46, 3)
(4, 85)
(9, 15)
(9, 36)
(5, 12)
(29, 11)
(35, 10)
(12, 54)
(32, 3)
(3, 63)
(3, 6)
(9, 10)
(97, 2)
(91, 11)
(6, 37)
(70, 13)
(83, 9)
(92, 13)
(82, 75)
(33, 5)
(16, 9)
(65, 12)
(11, 96)
(37, 5)
(42, 13)
(7, 66)
(9, 67)
(6, 89)
(11, 9)
(100, 12)
(12, 98)
(37, 9)
(2, 32)
(12, 84)
(6, 4)
(12, 36)
(7, 49)
(13, 20)
(2, 16)
(8, 55)
(8, 14)
(13, 48)
(5, 48)
(8, 32)
(8, 45)
(7, 28)
(96, 13)
(7, 34)
(8, 96)
(44, 5)
(75, 1)
(6, 75)
(11, 31)
(28, 1)
(69, 3)
(7, 70)
(27, 11)
(60, 13)
(25, 2)
(30, 12)
(90, 9)
(23, 63)
(17, 2)
(35, 17)
(18, 11)
(5, 34)
(12, 37)
(11, 93)
(43, 12)
(9, 56)
(65, 11)
(6, 56)
(10, 53)
(10, 9)
(5, 53)
(5, 50)
(4, 30)
(56, 8)
(10, 42)
(93, 32)
(3, 68)
(8, 76)
(7, 51)
(26, 4)
(24, 1)
(24, 7)
(3, 41)
(13, 95)
(39, 11)
(4, 100)
(10, 14)
(2, 50)
(56, 6)
(12, 14)
(16, 1)
(11, 59)
(5, 9)
(7, 39)
(4, 60)
(44, 7)
(2, 82)
(5, 6)
(7, 98)
(76, 10)
(2, 92)
(68, 8)
(44, 4)
(5, 45)
(57, 7)
(92, 10)
(8, 88)
(12, 33)
(93, 10)
(7, 9)
(11, 69)
(81, 2)
(84, 5)
(5, 75)
(42, 33)
(10, 47)
(7, 22)
(6, 12)
(86, 4)
(4, 82)
(82, 3)
(6, 60)
(6, 22)
(11, 64)
(90, 5)
(1, 25)
(48, 2)
(1, 91)
(3, 90)
(6, 25)
(54, 1)
(71, 4)
(23, 7)
(5, 27)
(3, 33)
(13, 27)
(4, 31)
(3, 86)
(10, 19)
(12, 71)
(36, 7)
(91, 6)
(3, 73)
(9, 71)
(87, 39)
(6, 77)
(1, 10)
(29, 5)
(3, 46)
(11, 55)
(88, 9)
(43, 77)
(5, 70)
(68, 4)
(59, 5)
(3, 80)
(4, 49)
(6, 78)
(13, 96)
(11, 28)
(8, 43)
(62, 10)
(14, 17)
(2, 57)
(75, 3)
(5, 36)
(95, 4)
(46, 60)
(64, 4)
(95, 77)
(27, 1)
(4, 47)
(49, 5)
(69, 5)
(12, 59)
(7, 92)
(73, 4)
(79, 1)
(3, 49)
(19, 6)
(4, 84)
(96, 3)
(59, 1)
(96, 10)
(6, 69)
(6, 50)
(63, 10)
(18, 5)
(11, 36)
(86, 3)
(34, 12)
(5, 26)
(14, 8)
(25, 13)
(6, 7)
(30, 11)
(13, 86)
(17, 9)
(61, 2)
(11, 63)
(6, 35)
(37, 8)
(7, 82)
(13, 12)
(10, 71)
(13, 22)
(2, 96)
(55, 4)
(10, 31)
(3, 56)
(1, 37)
(35, 12)
(41, 12)
(4, 37)
(11, 1)
(7, 3)
(53, 12)
(23, 6)
(11, 2)
(11, 39)
(24, 11)
(1, 69)
(56, 2)
(1, 83)
(3, 50)
(54, 11)
(10, 61)
(53, 11)
(60, 4)
(95, 9)
(71, 11)
(78, 38)
(3, 52)
(77, 1)
(3, 44)
(52, 9)
(55, 13)
(47, 17)
(89, 9)
(61, 3)
(86, 7)
(4, 14)
(18, 8)
(66, 55)
(3, 78)
(27, 92)
(3, 100)
(40, 5)
(87, 10)
(74, 6)
(4, 57)
(86, 2)
(83, 3)
(93, 8)
(48, 5)
(84, 7)
(78, 9)
(53, 7)
(34, 11)
(61, 60)
(24, 91)
(98, 5)
(13, 10)
(3, 61)
(28, 7)
(27, 74)
(4, 10)
(9, 86)
(8, 87)
(1, 28)
(33, 7)
(5, 78)
(78, 11)
(87, 49)
(5, 88)
(1, 2)
(47, 2)
(2, 73)
(4, 32)
(7, 47)
(8, 71)
(9, 26)
(11, 3)
(9, 4)
(47, 1)
(4, 63)
(59, 11)
(8, 81)
(16, 20)
(13, 47)
(9, 66)
(13, 41)
(84, 12)
(6, 65)
(1, 73)
(90, 1)
(1, 44)
(48, 6)
(91, 24)
(8, 12)
(52, 3)
(25, 3)
(23, 4)
(70, 4)
(93, 6)
(8, 80)
(27, 4)
(91, 13)
(3, 91)
(26, 1)
(78, 7)
(26, 13)
(9, 53)
(18, 12)
(3, 57)
(33, 8)
(12, 63)
(20, 12)
(57, 85)
(45, 8)
(39, 4)
(47, 9)
(12, 43)
(7, 77)
(7, 8)
(4, 9)
(10, 66)
(7, 15)
(7, 87)
(98, 8)
(13, 25)
(18, 65)
(70, 12)
(25, 8)
(21, 13)
(56, 10)
(68, 10)
(86, 11)
(35, 13)
(2, 95)
(4, 62)
(10, 48)
(6, 67)
(76, 96)
(65, 13)
(42, 8)
(12, 90)
(3, 83)
(13, 67)
(89, 1)
(4, 61)
(5, 35)
(42, 2)
(2, 25)
(77, 6)
(77, 13)
(11, 90)
(87, 12)
(98, 7)
(90, 8)
(75, 10)
(12, 68)
(1, 59)
(5, 67)
(12, 48)
(44, 1)
(7, 73)
(94, 10)
(12, 66)
(25, 91)
(4, 79)
(2, 38)
(3, 5)
(8, 22)
(88, 5)
(4, 45)
(8, 65)
(20, 16)
(79, 12)
(66, 7)
(30, 5)
(68, 6)
(96, 14)
(27, 8)
(42, 12)
(10, 84)
(3, 39)
(94, 91)
(10, 92)
(17, 47)
(3, 7)
(50, 1)
(37, 12)
(4, 76)
(52, 5)
(56, 4)
(12, 27)
(4, 34)
(68, 12)
(19, 4)
(35, 7)
(90, 3)
(73, 8)
(36, 9)
(94, 2)
(45, 1)
(91, 10)
(10, 76)
(18, 57)
(5, 20)
(8, 73)
(28, 12)
(20, 3)
(11, 26)
(12, 28)
(10, 83)
(2, 67)
(4, 38)
(80, 2)
(13, 7)
(53, 6)
(32, 8)
(8, 37)
(12, 52)
(9, 97)
(92, 7)
(10, 72)
(10, 79)
(10, 12)
(9, 16)
(41, 1)
(82, 8)
(13, 38)
(72, 11)
(8, 28)
(2, 64)
(33, 3)
(9, 45)
(5, 86)
(12, 51)
(71, 2)
(11, 71)
(11, 13)
(87, 1)
(6, 40)
(3, 18)
(75, 8)
(1, 48)
(30, 13)
(1, 21)
(89, 7)
(56, 5)
(11, 44)
(2, 61)
(61, 6)
(16, 2)
(30, 4)
(88, 12)
(2, 87)
(9, 37)
(8, 9)
(10, 4)
(6, 5)
(5, 68)
(46, 9)
(44, 9)
(51, 48)
(44, 12)
(100, 2)
(6, 87)
(54, 63)
(68, 5)
(22, 5)
(80, 13)
(16, 12)
(60, 5)
(58, 5)
(23, 13)
(1, 76)
(4, 77)
(13, 88)
(15, 3)
(13, 65)
(18, 9)
(34, 7)
(4, 13)
(62, 7)
(1, 4)
(11, 54)
(8, 50)
(26, 9)
(88, 4)
(13, 62)
(38, 6)
(24, 8)
(13, 80)
(73, 11)
(12, 29)
(94, 11)
(61, 9)
(96, 6)
(2, 24)
(81, 5)
(10, 40)
(90, 4)
(97, 3)
(30, 99)
(12, 11)
(56, 91)
(77, 12)
(35, 1)
(12, 100)
(4, 29)
(61, 7)
(17, 78)
(9, 8)
(96, 2)
(8, 56)
(57, 18)
(5, 69)
(59, 3)
(2, 43)
(13, 11)
(86, 5)
(8, 69)
(97, 9)
(99, 9)
(9, 75)
(13, 18)
(1, 89)
(20, 52)
(38, 2)
(63, 12)
(11, 78)
(34, 4)
(27, 13)
(97, 4)
(79, 8)
(9, 5)
(58, 46)
(10, 45)
(22, 8)
(67, 12)
(8, 24)
(99, 5)
(7, 96)
(12, 7)
(4, 33)
(12, 46)
(9, 49)
(11, 65)
(5, 74)
(13, 33)
(26, 3)
(7, 33)
(83, 8)
(38, 78)
(95, 6)
(33, 12)
(63, 5)
(33, 42)
(81, 8)
(78, 6)
(27, 12)
(5, 93)
(4, 66)
(13, 69)
(9, 64)
(92, 8)
(47, 7)
(1, 30)
(37, 60)
(4, 44)
(81, 11)
(5, 72)
(51, 13)
(64, 44)
(49, 2)
(12, 23)
(82, 7)
(2, 49)
(13, 76)
(63, 3)
(100, 6)
(17, 12)
(28, 5)
(30, 16)
(88, 8)
(2, 22)
(7, 31)
(10, 5)
(27, 9)
(61, 31)
(39, 6)
(8, 93)
(59, 10)
(100, 83)
(69, 6)
(47, 12)
(72, 7)
(15, 4)
(6, 42)
(75, 9)
(36, 3)
(45, 4)
(2, 94)
(73, 7)
(33, 6)
(93, 5)
(6, 10)
(65, 38)
(54, 10)
(3, 70)
(5, 96)
(2, 79)
(10, 25)
(41, 22)
(7, 2)
(12, 31)
(3, 14)
(78, 8)
(13, 8)
(12, 4)
(64, 10)
(13, 5)
(49, 1)
(32, 10)
(70, 3)
(10, 16)
(43, 8)
(70, 5)
(63, 9)
(58, 3)
(34, 52);

set L := 93
44
56
16
9
58
24
27
52
29
13
43
66
77
100
4
80
63
7
6
69
40
78
45
84
81
34
21
73
46
99
49
38
67
1
76
90
39
74
48
61
72
12
2
22
68
8
41
89
82
75
37
85
94
62
70
91
64
88
15
60
17
96
51
86
83
30
32
42
26
65
3
95
5
50
23
18
57
53
79
14
87
35
36
98
54
28
59
31
19
55
47
20
11
97
25
92
33
10
71;

set EL[1] :=
(8, 15)
(15, 8)
(79, 85)
(85, 79)
(60, 37)
(37, 60)
(2, 43)
(43, 2)
(3, 86)
(86, 3)
(4, 21)
(21, 4)
(4, 65)
(65, 4)
(4, 100)
(100, 4)
(9, 96)
(96, 9)
(10, 57)
(57, 10)
(11, 44)
(44, 11)
(13, 17)
(17, 13);

set EL[2] :=
(95, 59)
(59, 95)
(34, 52)
(52, 34)
(49, 87)
(87, 49)
(2, 41)
(41, 2)
(2, 42)
(42, 2)
(5, 96)
(96, 5)
(6, 72)
(72, 6)
(9, 32)
(32, 9)
(11, 52)
(52, 11)
(13, 53)
(53, 13);

set EL[3] :=
(24, 91)
(91, 24)
(73, 87)
(87, 73)
(3, 63)
(63, 3)
(3, 78)
(78, 3)
(3, 82)
(82, 3)
(4, 36)
(36, 4)
(6, 55)
(55, 6)
(7, 22)
(22, 7)
(7, 60)
(60, 7)
(7, 77)
(77, 7)
(8, 22)
(22, 8)
(8, 61)
(61, 8)
(10, 68)
(68, 10);

set EL[4] :=
(96, 76)
(76, 96)
(48, 51)
(51, 48)
(2, 94)
(94, 2)
(2, 99)
(99, 2)
(3, 65)
(65, 3)
(4, 23)
(23, 4)
(5, 78)
(78, 5)
(9, 16)
(16, 9)
(11, 37)
(37, 11)
(12, 90)
(90, 12);

set EL[5] :=
(2, 63)
(63, 2)
(2, 87)
(87, 2)
(3, 58)
(58, 3)
(3, 79)
(79, 3)
(5, 40)
(40, 5)
(6, 86)
(86, 6)
(10, 75)
(75, 10);

set EL[6] :=
(92, 27)
(27, 92)
(3, 68)
(68, 3)
(4, 49)
(49, 4)
(7, 36)
(36, 7)
(7, 63)
(63, 7)
(9, 45)
(45, 9);

set EL[7] :=
(53, 30)
(30, 53)
(1, 92)
(92, 1)
(3, 59)
(59, 3)
(3, 60)
(60, 3)
(7, 79)
(79, 7)
(8, 38)
(38, 8);

set EL[8] :=
(3, 100)
(100, 3)
(9, 20)
(20, 9)
(11, 78)
(78, 11)
(11, 90)
(90, 11)
(12, 54)
(54, 12)
(12, 100)
(100, 12)
(13, 60)
(60, 13)
(13, 77)
(77, 13);

set EL[9] :=
(48, 92)
(92, 48)
(2, 18)
(18, 2)
(2, 82)
(82, 2)
(3, 17)
(17, 3)
(3, 19)
(19, 3)
(5, 30)
(30, 5)
(6, 36)
(36, 6)
(7, 10)
(10, 7)
(8, 45)
(45, 8)
(8, 83)
(83, 8)
(9, 83)
(83, 9)
(10, 19)
(19, 10)
(10, 30)
(30, 10)
(10, 56)
(56, 10)
(12, 67)
(67, 12)
(13, 99)
(99, 13);

set EL[10] :=
(2, 11)
(11, 2)
(1, 27)
(27, 1)
(2, 27)
(27, 2)
(2, 73)
(73, 2)
(3, 14)
(14, 3)
(5, 75)
(75, 5)
(8, 56)
(56, 8)
(8, 82)
(82, 8)
(11, 91)
(91, 11)
(13, 38)
(38, 13);

set EL[11] :=
(95, 77)
(77, 95)
(1, 81)
(81, 1)
(4, 10)
(10, 4)
(6, 29)
(29, 6)
(9, 43)
(43, 9)
(10, 39)
(39, 10)
(11, 12)
(12, 11)
(11, 72)
(72, 11)
(12, 66)
(66, 12)
(13, 58)
(58, 13);

set EL[12] :=
(9, 88)
(88, 9)
(45, 66)
(66, 45)
(1, 9)
(9, 1)
(2, 96)
(96, 2)
(3, 69)
(69, 3)
(4, 73)
(73, 4)
(5, 82)
(82, 5)
(7, 70)
(70, 7)
(7, 86)
(86, 7)
(8, 9)
(9, 8)
(9, 65)
(65, 9)
(10, 17)
(17, 10)
(11, 25)
(25, 11)
(12, 19)
(19, 12)
(12, 32)
(32, 12);

set EL[13] :=
(100, 83)
(83, 100)
(91, 94)
(94, 91)
(18, 57)
(57, 18)
(1, 98)
(98, 1)
(4, 55)
(55, 4)
(6, 73)
(73, 6)
(6, 84)
(84, 6)
(7, 8)
(8, 7)
(7, 43)
(43, 7);

set EL[14] :=
(64, 44)
(44, 64)
(16, 20)
(20, 16)
(1, 2)
(2, 1)
(1, 38)
(38, 1)
(3, 51)
(51, 3)
(6, 66)
(66, 6)
(7, 16)
(16, 7)
(7, 18)
(18, 7)
(10, 87)
(87, 10)
(13, 52)
(52, 13);

set EL[15] :=
(4, 54)
(54, 4)
(1, 55)
(55, 1)
(1, 95)
(95, 1)
(2, 34)
(34, 2)
(3, 36)
(36, 3)
(6, 25)
(25, 6)
(7, 47)
(47, 7)
(8, 14)
(14, 8)
(10, 65)
(65, 10)
(12, 44)
(44, 12)
(12, 71)
(71, 12)
(12, 77)
(77, 12)
(12, 86)
(86, 12);

set EL[16] :=
(4, 19)
(19, 4)
(7, 49)
(49, 7)
(7, 73)
(73, 7)
(8, 18)
(18, 8)
(9, 92)
(92, 9);

set EL[17] :=
(1, 24)
(24, 1)
(2, 38)
(38, 2)
(3, 20)
(20, 3)
(4, 63)
(63, 4)
(4, 94)
(94, 4)
(5, 46)
(46, 5)
(5, 62)
(62, 5)
(6, 34)
(34, 6)
(7, 11)
(11, 7)
(8, 75)
(75, 8)
(9, 47)
(47, 9)
(9, 66)
(66, 9)
(10, 63)
(63, 10)
(11, 64)
(64, 11)
(13, 59)
(59, 13)
(13, 96)
(96, 13);

set EL[18] :=
(74, 27)
(27, 74)
(5, 15)
(15, 5)
(5, 59)
(59, 5)
(6, 87)
(87, 6)
(7, 83)
(83, 7)
(12, 65)
(65, 12)
(13, 80)
(80, 13);

set EL[19] :=
(4, 34)
(34, 4)
(5, 9)
(9, 5)
(5, 10)
(10, 5)
(5, 53)
(53, 5)
(5, 84)
(84, 5)
(6, 56)
(56, 6)
(6, 88)
(88, 6)
(8, 59)
(59, 8)
(8, 65)
(65, 8)
(9, 49)
(49, 9)
(9, 70)
(70, 9)
(11, 20)
(20, 11)
(11, 55)
(55, 11)
(12, 40)
(40, 12)
(12, 87)
(87, 12);

set EL[20] :=
(32, 93)
(93, 32)
(1, 31)
(31, 1)
(2, 33)
(33, 2)
(3, 7)
(7, 3)
(6, 44)
(44, 6)
(6, 60)
(60, 6)
(8, 32)
(32, 8)
(8, 81)
(81, 8)
(9, 21)
(21, 9)
(10, 40)
(40, 10)
(10, 61)
(61, 10)
(11, 27)
(27, 11)
(12, 18)
(18, 12)
(12, 57)
(57, 12)
(13, 15)
(15, 13);

set EL[21] :=
(1, 41)
(41, 1)
(2, 17)
(17, 2)
(3, 34)
(34, 3)
(4, 35)
(35, 4)
(4, 95)
(95, 4)
(6, 37)
(37, 6)
(7, 90)
(90, 7)
(10, 69)
(69, 10)
(12, 68)
(68, 12);

set EL[22] :=
(6, 74)
(74, 6)
(6, 69)
(69, 6)
(1, 21)
(21, 1)
(1, 25)
(25, 1)
(3, 83)
(83, 3)
(5, 69)
(69, 5)
(7, 100)
(100, 7)
(8, 87)
(87, 8)
(9, 90)
(90, 9)
(13, 30)
(30, 13);

set EL[23] :=
(63, 54)
(54, 63)
(81, 91)
(91, 81)
(2, 14)
(14, 2)
(5, 64)
(64, 5)
(6, 23)
(23, 6)
(7, 31)
(31, 7)
(7, 61)
(61, 7)
(8, 25)
(25, 8)
(10, 42)
(42, 10)
(12, 63)
(63, 12)
(13, 26)
(26, 13)
(13, 33)
(33, 13);

set EL[24] :=
(81, 13)
(13, 81)
(23, 63)
(63, 23)
(3, 55)
(55, 3)
(3, 66)
(66, 3)
(4, 17)
(17, 4)
(4, 33)
(33, 4)
(4, 86)
(86, 4)
(5, 27)
(27, 5)
(6, 19)
(19, 6)
(7, 12)
(12, 7)
(7, 24)
(24, 7)
(7, 35)
(35, 7)
(8, 91)
(91, 8)
(9, 81)
(81, 9)
(10, 66)
(66, 10)
(12, 96)
(96, 12);

set EL[25] :=
(4, 75)
(75, 4)
(1, 76)
(76, 1)
(1, 84)
(84, 1)
(6, 75)
(75, 6)
(9, 18)
(18, 9);

set EL[26] :=
(17, 47)
(47, 17)
(46, 60)
(60, 46)
(88, 36)
(36, 88)
(2, 67)
(67, 2)
(3, 15)
(15, 3)
(3, 25)
(25, 3)
(8, 93)
(93, 8)
(9, 52)
(52, 9);

set EL[27] :=
(46, 58)
(58, 46)
(1, 70)
(70, 1)
(2, 74)
(74, 2)
(4, 59)
(59, 4)
(4, 70)
(70, 4)
(4, 78)
(78, 4)
(6, 30)
(30, 6)
(6, 51)
(51, 6)
(7, 34)
(34, 7)
(8, 98)
(98, 8)
(9, 36)
(36, 9)
(11, 76)
(76, 11)
(12, 13)
(13, 12)
(12, 27)
(27, 12);

set EL[28] :=
(43, 55)
(55, 43)
(1, 60)
(60, 1)
(3, 32)
(32, 3)
(3, 33)
(33, 3)
(3, 57)
(57, 3)
(9, 74)
(74, 9)
(9, 79)
(79, 9)
(9, 86)
(86, 9)
(14, 16)
(16, 14);

set EL[29] :=
(1, 67)
(67, 1)
(3, 46)
(46, 3)
(3, 64)
(64, 3)
(3, 91)
(91, 3)
(4, 50)
(50, 4)
(5, 83)
(83, 5)
(5, 89)
(89, 5)
(5, 95)
(95, 5)
(9, 100)
(100, 9);

set EL[30] :=
(80, 67)
(67, 80)
(1, 35)
(35, 1)
(4, 62)
(62, 4)
(5, 79)
(79, 5)
(6, 18)
(18, 6)
(6, 38)
(38, 6)
(7, 91)
(91, 7)
(10, 23)
(23, 10)
(12, 84)
(84, 12);

set EL[31] :=
(2, 10)
(10, 2)
(3, 75)
(75, 3)
(4, 24)
(24, 4)
(6, 68)
(68, 6)
(8, 19)
(19, 8)
(10, 45)
(45, 10)
(12, 56)
(56, 12);

set EL[32] :=
(1, 90)
(90, 1)
(2, 48)
(48, 2)
(5, 43)
(43, 5)
(9, 57)
(57, 9)
(10, 53)
(53, 10)
(11, 81)
(81, 11)
(13, 21)
(21, 13)
(13, 44)
(44, 13)
(13, 86)
(86, 13);

set EL[33] :=
(3, 89)
(89, 3)
(1, 26)
(26, 1)
(1, 45)
(45, 1)
(1, 66)
(66, 1)
(2, 22)
(22, 2)
(3, 47)
(47, 3)
(4, 76)
(76, 4)
(7, 37)
(37, 7)
(8, 46)
(46, 8)
(9, 17)
(17, 9)
(9, 69)
(69, 9)
(10, 93)
(93, 10)
(11, 31)
(31, 11)
(12, 47)
(47, 12)
(13, 27)
(27, 13);

set EL[34] :=
(2, 45)
(45, 2)
(3, 18)
(18, 3)
(7, 14)
(14, 7)
(8, 58)
(58, 8)
(8, 79)
(79, 8)
(10, 91)
(91, 10)
(11, 85)
(85, 11)
(12, 59)
(59, 12)
(13, 41)
(41, 13);

set EL[35] :=
(38, 78)
(78, 38)
(2, 57)
(57, 2)
(3, 41)
(41, 3)
(8, 73)
(73, 8)
(11, 15)
(15, 11)
(11, 79)
(79, 11);

set EL[36] :=
(41, 22)
(22, 41)
(1, 10)
(10, 1)
(1, 83)
(83, 1)
(3, 35)
(35, 3)
(4, 27)
(27, 4)
(7, 44)
(44, 7)
(7, 67)
(67, 7)
(9, 33)
(33, 9)
(9, 98)
(98, 9)
(10, 12)
(12, 10)
(12, 17)
(17, 12)
(12, 53)
(53, 12)
(13, 54)
(54, 13);

set EL[37] :=
(3, 80)
(80, 3)
(4, 44)
(44, 4)
(5, 36)
(36, 5)
(5, 50)
(50, 5)
(6, 22)
(22, 6)
(6, 50)
(50, 6)
(11, 94)
(94, 11);

set EL[38] :=
(3, 42)
(42, 3)
(3, 49)
(49, 3)
(4, 46)
(46, 4)
(8, 68)
(68, 8)
(9, 89)
(89, 9)
(11, 18)
(18, 11)
(11, 65)
(65, 11);

set EL[39] :=
(56, 20)
(20, 56)
(1, 37)
(37, 1)
(2, 37)
(37, 2)
(3, 73)
(73, 3)
(6, 27)
(27, 6)
(6, 67)
(67, 6)
(7, 28)
(28, 7)
(8, 40)
(40, 8)
(8, 69)
(69, 8)
(8, 80)
(80, 8)
(9, 39)
(39, 9)
(11, 50)
(50, 11)
(12, 62)
(62, 12)
(12, 93)
(93, 12)
(13, 22)
(22, 13);

set EL[40] :=
(43, 77)
(77, 43)
(1, 78)
(78, 1)
(3, 6)
(6, 3)
(4, 20)
(20, 4)
(4, 25)
(25, 4)
(4, 58)
(58, 4)
(4, 84)
(84, 4)
(5, 13)
(13, 5)
(8, 13)
(13, 8)
(9, 97)
(97, 9)
(11, 29)
(29, 11);

set EL[41] :=
(40, 48)
(48, 40)
(45, 44)
(44, 45)
(1, 47)
(47, 1)
(3, 70)
(70, 3)
(6, 95)
(95, 6)
(8, 27)
(27, 8)
(11, 53)
(53, 11)
(12, 60)
(60, 12);

set EL[42] :=
(82, 70)
(70, 82)
(4, 80)
(80, 4)
(6, 91)
(91, 6)
(10, 34)
(34, 10)
(13, 62)
(62, 13)
(13, 70)
(70, 13);

set EL[43] :=
(2, 86)
(86, 2)
(3, 12)
(12, 3)
(3, 50)
(50, 3)
(8, 20)
(20, 8)
(8, 37)
(37, 8)
(10, 59)
(59, 10)
(11, 51)
(51, 11)
(11, 95)
(95, 11)
(12, 75)
(75, 12);

set EL[44] :=
(9, 53)
(53, 9)
(1, 8)
(8, 1)
(1, 18)
(18, 1)
(2, 39)
(39, 2)
(2, 64)
(64, 2)
(2, 71)
(71, 2)
(5, 34)
(34, 5)
(6, 21)
(21, 6)
(8, 11)
(11, 8)
(10, 32)
(32, 10)
(10, 52)
(52, 10)
(10, 84)
(84, 10)
(13, 19)
(19, 13);

set EL[45] :=
(4, 39)
(39, 4)
(72, 37)
(37, 72)
(2, 16)
(16, 2)
(3, 44)
(44, 3)
(5, 81)
(81, 5)
(7, 98)
(98, 7)
(9, 19)
(19, 9)
(10, 46)
(46, 10)
(11, 33)
(33, 11);

set EL[46] :=
(86, 98)
(98, 86)
(78, 2)
(2, 78)
(87, 39)
(39, 87)
(2, 23)
(23, 2)
(4, 14)
(14, 4)
(8, 35)
(35, 8)
(8, 86)
(86, 8)
(8, 89)
(89, 8)
(11, 41)
(41, 11)
(13, 72)
(72, 13);

set EL[47] :=
(96, 14)
(14, 96)
(42, 33)
(33, 42)
(1, 73)
(73, 1)
(1, 89)
(89, 1)
(2, 61)
(61, 2)
(4, 40)
(40, 4)
(4, 60)
(60, 4)
(9, 75)
(75, 9)
(11, 57)
(57, 11)
(11, 69)
(69, 11)
(12, 26)
(26, 12)
(12, 55)
(55, 12);

set EL[48] :=
(28, 12)
(12, 28)
(6, 33)
(33, 6)
(1, 62)
(62, 1)
(68, 19)
(19, 68)
(3, 29)
(29, 3)
(4, 77)
(77, 4)
(4, 81)
(81, 4)
(5, 67)
(67, 5)
(6, 77)
(77, 6)
(9, 95)
(95, 9)
(10, 31)
(31, 10)
(10, 64)
(64, 10)
(11, 47)
(47, 11)
(12, 46)
(46, 12)
(12, 52)
(52, 12);

set EL[49] :=
(2, 8)
(8, 2)
(3, 93)
(93, 3)
(5, 63)
(63, 5)
(7, 57)
(57, 7)
(9, 64)
(64, 9)
(9, 71)
(71, 9)
(10, 81)
(81, 10)
(13, 87)
(87, 13)
(13, 92)
(92, 13);

set EL[50] :=
(6, 78)
(78, 6)
(11, 61)
(61, 11)
(13, 25)
(25, 13);

set EL[51] :=
(91, 56)
(56, 91)
(1, 48)
(48, 1)
(5, 97)
(97, 5)
(6, 7)
(7, 6)
(13, 63)
(63, 13);

set EL[52] :=
(1, 49)
(49, 1)
(1, 52)
(52, 1)
(4, 72)
(72, 4)
(5, 72)
(72, 5)
(5, 74)
(74, 5)
(7, 27)
(27, 7)
(7, 81)
(81, 7)
(8, 24)
(24, 8)
(11, 98)
(98, 11);

set EL[53] :=
(21, 71)
(71, 21)
(1, 4)
(4, 1)
(1, 69)
(69, 1)
(3, 87)
(87, 3)
(4, 9)
(9, 4)
(9, 99)
(99, 9)
(10, 79)
(79, 10)
(10, 86)
(86, 10)
(12, 24)
(24, 12);

set EL[54] :=
(4, 48)
(48, 4)
(8, 92)
(92, 8)
(9, 23)
(23, 9)
(10, 54)
(54, 10)
(11, 58)
(58, 11)
(11, 73)
(73, 11)
(13, 93)
(93, 13);

set EL[55] :=
(75, 82)
(82, 75)
(3, 52)
(52, 3)
(4, 6)
(6, 4)
(4, 56)
(56, 4)
(6, 40)
(40, 6)
(8, 90)
(90, 8)
(12, 30)
(30, 12)
(12, 41)
(41, 12);

set EL[56] :=
(1, 79)
(79, 1)
(1, 99)
(99, 1)
(2, 92)
(92, 2)
(2, 95)
(95, 2)
(3, 61)
(61, 3)
(4, 7)
(7, 4)
(5, 18)
(18, 5)
(6, 54)
(54, 6)
(7, 23)
(23, 7)
(8, 30)
(30, 8)
(8, 33)
(33, 8)
(8, 64)
(64, 8)
(11, 39)
(39, 11)
(11, 40)
(40, 11)
(12, 88)
(88, 12)
(13, 65)
(65, 13);

set EL[57] :=
(63, 89)
(89, 63)
(1, 64)
(64, 1)
(4, 12)
(12, 4)
(6, 8)
(8, 6)
(7, 51)
(51, 7)
(7, 66)
(66, 7)
(10, 44)
(44, 10)
(13, 34)
(34, 13)
(13, 48)
(48, 13);

set EL[58] :=
(7, 89)
(89, 7)
(2, 7)
(7, 2)
(5, 12)
(12, 5)
(6, 59)
(59, 6)
(8, 78)
(78, 8)
(9, 27)
(27, 9)
(13, 42)
(42, 13);

set EL[59] :=
(1, 29)
(29, 1)
(6, 89)
(89, 6)
(11, 54)
(54, 11)
(12, 23)
(23, 12)
(12, 48)
(48, 12);

set EL[60] :=
(1, 11)
(11, 1)
(1, 56)
(56, 1)
(2, 93)
(93, 2)
(3, 27)
(27, 3)
(4, 64)
(64, 4)
(4, 79)
(79, 4)
(4, 85)
(85, 4)
(5, 25)
(25, 5)
(5, 60)
(60, 5)
(6, 53)
(53, 6)
(11, 86)
(86, 11)
(11, 92)
(92, 11)
(12, 14)
(14, 12)
(12, 29)
(29, 12);

set EL[61] :=
(65, 18)
(18, 65)
(1, 30)
(30, 1)
(3, 23)
(23, 3)
(3, 90)
(90, 3)
(5, 41)
(41, 5)
(6, 61)
(61, 6)
(8, 88)
(88, 8)
(9, 87)
(87, 9)
(10, 15)
(15, 10)
(10, 27)
(27, 10)
(10, 74)
(74, 10)
(11, 13)
(13, 11)
(13, 40)
(40, 13);

set EL[62] :=
(17, 35)
(35, 17)
(3, 98)
(98, 3)
(4, 97)
(97, 4)
(6, 35)
(35, 6)
(8, 70)
(70, 8)
(11, 30)
(30, 11);

set EL[63] :=
(56, 5)
(5, 56)
(2, 20)
(20, 2)
(2, 65)
(65, 2)
(2, 80)
(80, 2)
(4, 30)
(30, 4)
(5, 45)
(45, 5)
(7, 33)
(33, 7)
(7, 85)
(85, 7)
(9, 63)
(63, 9)
(9, 85)
(85, 9)
(10, 76)
(76, 10)
(13, 20)
(20, 13)
(13, 91)
(91, 13);

set EL[64] :=
(84, 7)
(7, 84)
(36, 76)
(76, 36)
(61, 31)
(31, 61)
(1, 3)
(3, 1)
(4, 13)
(13, 4)
(4, 99)
(99, 4)
(5, 71)
(71, 5)
(5, 76)
(76, 5)
(9, 46)
(46, 9)
(13, 23)
(23, 13)
(13, 32)
(32, 13);

set EL[65] :=
(3, 96)
(96, 3)
(5, 58)
(58, 5)
(7, 68)
(68, 7)
(8, 76)
(76, 8)
(9, 82)
(82, 9)
(12, 22)
(22, 12)
(12, 98)
(98, 12)
(13, 43)
(43, 13);

set EL[66] :=
(65, 38)
(38, 65)
(4, 47)
(47, 4)
(5, 20)
(20, 5)
(5, 44)
(44, 5)
(7, 74)
(74, 7)
(7, 82)
(82, 7)
(8, 31)
(31, 8)
(8, 43)
(43, 8)
(10, 35)
(35, 10)
(10, 62)
(62, 10)
(13, 31)
(31, 13);

set EL[67] :=
(17, 71)
(71, 17)
(1, 80)
(80, 1)
(2, 32)
(32, 2)
(2, 85)
(85, 2)
(3, 37)
(37, 3)
(3, 85)
(85, 3)
(3, 97)
(97, 3)
(4, 53)
(53, 4)
(5, 31)
(31, 5)
(6, 11)
(11, 6)
(6, 83)
(83, 6)
(7, 76)
(76, 7)
(7, 80)
(80, 7)
(9, 60)
(60, 9)
(9, 61)
(61, 9)
(10, 96)
(96, 10)
(11, 63)
(63, 11);

set EL[68] :=
(2, 25)
(25, 2)
(3, 53)
(53, 3)
(4, 57)
(57, 4)
(13, 69)
(69, 13);

set EL[69] :=
(97, 1)
(1, 97)
(1, 17)
(17, 1)
(1, 91)
(91, 1)
(4, 31)
(31, 4)
(4, 32)
(32, 4)
(6, 62)
(62, 6)
(6, 96)
(96, 6)
(7, 65)
(65, 7)
(9, 26)
(26, 9)
(9, 28)
(28, 9)
(10, 20)
(20, 10)
(11, 62)
(62, 11);

set EL[70] :=
(2, 24)
(24, 2)
(2, 47)
(47, 2)
(3, 5)
(5, 3)
(12, 61)
(61, 12);

set EL[71] :=
(3, 56)
(56, 3)
(4, 68)
(68, 4)
(5, 94)
(94, 5)
(6, 70)
(70, 6)
(6, 71)
(71, 6)
(8, 10)
(10, 8)
(10, 13)
(13, 10);

set EL[72] :=
(68, 1)
(1, 68)
(62, 25)
(25, 62)
(1, 44)
(44, 1)
(1, 75)
(75, 1)
(3, 95)
(95, 3)
(5, 6)
(6, 5)
(9, 40)
(40, 9)
(10, 33)
(33, 10)
(11, 82)
(82, 11)
(12, 36)
(36, 12)
(12, 70)
(70, 12)
(13, 78)
(78, 13);

set EL[73] :=
(60, 61)
(61, 60)
(1, 54)
(54, 1)
(7, 15)
(15, 7)
(8, 21)
(21, 8)
(9, 31)
(31, 9)
(9, 34)
(34, 9)
(10, 70)
(70, 10)
(10, 71)
(71, 10)
(10, 83)
(83, 10)
(10, 92)
(92, 10)
(11, 59)
(59, 11)
(11, 93)
(93, 11)
(12, 64)
(64, 12);

set EL[74] :=
(4, 45)
(45, 4)
(7, 25)
(25, 7)
(7, 42)
(42, 7)
(8, 34)
(34, 8)
(9, 22)
(22, 9)
(14, 17)
(17, 14);

set EL[75] :=
(4, 18)
(18, 4)
(5, 88)
(88, 5)
(5, 90)
(90, 5)
(6, 90)
(90, 6)
(7, 62)
(62, 7)
(9, 78)
(78, 9)
(11, 26)
(26, 11)
(12, 76)
(76, 12)
(13, 57)
(57, 13);

set EL[76] :=
(2, 69)
(69, 2)
(4, 8)
(8, 4)
(5, 35)
(35, 5)
(7, 87)
(87, 7)
(8, 26)
(26, 8)
(8, 28)
(28, 8)
(8, 42)
(42, 8)
(8, 77)
(77, 8)
(11, 75)
(75, 11)
(12, 83)
(83, 12)
(13, 37)
(37, 13);

set EL[77] :=
(99, 10)
(10, 99)
(90, 34)
(34, 90)
(9, 67)
(67, 9)
(1, 93)
(93, 1)
(5, 49)
(49, 5)
(8, 60)
(60, 8)
(9, 10)
(10, 9)
(9, 44)
(44, 9)
(12, 16)
(16, 12);

set EL[78] :=
(66, 55)
(55, 66)
(2, 56)
(56, 2)
(5, 68)
(68, 5)
(5, 80)
(80, 5)
(5, 91)
(91, 5)
(8, 29)
(29, 8)
(10, 49)
(49, 10)
(10, 72)
(72, 10)
(10, 78)
(78, 10)
(11, 48)
(48, 11)
(12, 35)
(35, 12)
(12, 38)
(38, 12)
(12, 69)
(69, 12);

set EL[79] :=
(53, 28)
(28, 53)
(16, 30)
(30, 16)
(1, 34)
(34, 1)
(1, 50)
(50, 1)
(2, 54)
(54, 2)
(4, 71)
(71, 4)
(11, 70)
(70, 11);

set EL[80] :=
(3, 62)
(62, 3)
(3, 81)
(81, 3)
(4, 61)
(61, 4)
(4, 66)
(66, 4)
(5, 33)
(33, 5)
(5, 99)
(99, 5)
(6, 12)
(12, 6)
(6, 24)
(24, 6)
(6, 79)
(79, 6)
(8, 96)
(96, 8)
(11, 17)
(17, 11);

set EL[81] :=
(33, 58)
(58, 33)
(15, 31)
(31, 15)
(1, 16)
(16, 1)
(1, 87)
(87, 1)
(2, 3)
(3, 2)
(2, 13)
(13, 2)
(7, 97)
(97, 7)
(8, 23)
(23, 8)
(8, 71)
(71, 8)
(12, 99)
(99, 12);

set EL[82] :=
(1, 28)
(28, 1)
(2, 40)
(40, 2)
(4, 90)
(90, 4)
(4, 92)
(92, 4)
(5, 57)
(57, 5)
(6, 15)
(15, 6)
(7, 40)
(40, 7)
(7, 48)
(48, 7)
(8, 55)
(55, 8)
(10, 16)
(16, 10)
(10, 28)
(28, 10)
(11, 16)
(16, 11)
(13, 88)
(88, 13);

set EL[83] :=
(50, 87)
(87, 50)
(3, 88)
(88, 3)
(6, 28)
(28, 6)
(6, 39)
(39, 6)
(7, 9)
(9, 7)
(8, 12)
(12, 8)
(11, 14)
(14, 11)
(11, 100)
(100, 11)
(12, 82)
(82, 12)
(13, 35)
(35, 13);

set EL[84] :=
(25, 91)
(91, 25)
(1, 46)
(46, 1)
(2, 100)
(100, 2)
(7, 26)
(26, 7)
(7, 39)
(39, 7)
(9, 29)
(29, 9)
(11, 34)
(34, 11)
(11, 84)
(84, 11)
(11, 99)
(99, 11)
(12, 31)
(31, 12)
(13, 94)
(94, 13);

set EL[85] :=
(1, 71)
(71, 1)
(2, 83)
(83, 2)
(3, 48)
(48, 3)
(4, 26)
(26, 4)
(4, 41)
(41, 4)
(5, 26)
(26, 5)
(9, 24)
(24, 9)
(10, 98)
(98, 10)
(13, 64)
(64, 13)
(13, 67)
(67, 13);

set EL[86] :=
(2, 70)
(70, 2)
(3, 67)
(67, 3)
(7, 78)
(78, 7)
(8, 41)
(41, 8)
(11, 36)
(36, 11)
(13, 100)
(100, 13);

set EL[87] :=
(20, 52)
(52, 20)
(86, 29)
(29, 86)
(99, 30)
(30, 99)
(1, 14)
(14, 1)
(4, 74)
(74, 4)
(5, 17)
(17, 5)
(5, 29)
(29, 5)
(7, 32)
(32, 7)
(7, 45)
(45, 7)
(7, 75)
(75, 7)
(8, 39)
(39, 8)
(10, 94)
(94, 10)
(11, 24)
(24, 11)
(12, 42)
(42, 12)
(13, 79)
(79, 13);

set EL[88] :=
(88, 32)
(32, 88)
(69, 64)
(64, 69)
(2, 50)
(50, 2)
(2, 59)
(59, 2)
(2, 81)
(81, 2)
(4, 37)
(37, 4)
(5, 70)
(70, 5)
(8, 36)
(36, 8)
(9, 80)
(80, 9);

set EL[89] :=
(85, 57)
(57, 85)
(1, 23)
(23, 1)
(1, 39)
(39, 1)
(1, 77)
(77, 1)
(5, 22)
(22, 5)
(6, 48)
(48, 6)
(7, 50)
(50, 7)
(8, 50)
(50, 8)
(10, 77)
(77, 10);

set EL[90] :=
(28, 100)
(100, 28)
(2, 97)
(97, 2)
(7, 95)
(95, 7)
(9, 11)
(11, 9)
(9, 55)
(55, 9)
(10, 48)
(48, 10)
(11, 45)
(45, 11)
(12, 51)
(51, 12)
(13, 51)
(51, 13);

set EL[91] :=
(12, 73)
(73, 12)
(2, 49)
(49, 2)
(4, 29)
(29, 4)
(5, 28)
(28, 5)
(5, 54)
(54, 5)
(8, 44)
(44, 8)
(8, 67)
(67, 8)
(13, 18)
(18, 13);

set EL[92] :=
(63, 8)
(8, 63)
(78, 17)
(17, 78)
(31, 2)
(2, 31)
(3, 21)
(21, 3)
(5, 55)
(55, 5)
(6, 65)
(65, 6)
(8, 74)
(74, 8)
(10, 14)
(14, 10)
(10, 47)
(47, 10)
(11, 71)
(71, 11);

set EL[93] :=
(1, 82)
(82, 1)
(4, 82)
(82, 4)
(5, 37)
(37, 5)
(5, 86)
(86, 5)
(6, 46)
(46, 6)
(8, 49)
(49, 8)
(8, 52)
(52, 8)
(12, 78)
(78, 12)
(12, 79)
(79, 12)
(13, 39)
(39, 13)
(13, 95)
(95, 13);

set EL[94] :=
(1, 59)
(59, 1)
(5, 24)
(24, 5)
(5, 52)
(52, 5)
(5, 98)
(98, 5)
(6, 10)
(10, 6)
(6, 93)
(93, 6)
(7, 13)
(13, 7)
(9, 56)
(56, 9)
(12, 43)
(43, 12);

set EL[95] :=
(2, 98)
(98, 2)
(4, 28)
(28, 4)
(5, 7)
(7, 5)
(6, 81)
(81, 6)
(8, 84)
(84, 8)
(9, 15)
(15, 9)
(10, 25)
(25, 10)
(13, 76)
(76, 13)
(13, 97)
(97, 13);

set EL[96] :=
(2, 9)
(9, 2)
(4, 15)
(15, 4)
(4, 88)
(88, 4)
(6, 52)
(52, 6)
(7, 96)
(96, 7)
(13, 29)
(29, 13)
(13, 47)
(47, 13);

set EL[97] :=
(77, 41)
(41, 77)
(3, 11)
(11, 3)
(3, 39)
(39, 3)
(4, 69)
(69, 4)
(5, 19)
(19, 5)
(5, 23)
(23, 5)
(5, 93)
(93, 5)
(6, 42)
(42, 6)
(6, 92)
(92, 6)
(11, 28)
(28, 11)
(11, 89)
(89, 11)
(12, 34)
(34, 12)
(13, 28)
(28, 13)
(13, 55)
(55, 13);

set EL[98] :=
(3, 9)
(9, 3)
(5, 92)
(92, 5)
(6, 94)
(94, 6)
(7, 53)
(53, 7)
(7, 72)
(72, 7)
(9, 37)
(37, 9)
(9, 51)
(51, 9)
(11, 96)
(96, 11)
(12, 20)
(20, 12)
(12, 37)
(37, 12)
(14, 15)
(15, 14);

set EL[99] :=
(10, 26)
(26, 10)
(2, 79)
(79, 2)
(3, 26)
(26, 3)
(4, 38)
(38, 4)
(5, 48)
(48, 5)
(5, 100)
(100, 5)
(7, 92)
(92, 7)
(11, 68)
(68, 11);

set EL[100] :=
(29, 59)
(59, 29)
(6, 26)
(26, 6)
(6, 100)
(100, 6)
(9, 94)
(94, 9)
(12, 33)
(33, 12)
(12, 45)
(45, 12)
(12, 74)
(74, 12)
(13, 85)
(85, 13);

param sizeV := 100;

param sizeEL := 
1 24
2 20
3 26
4 20
5 14
6 12
7 12
8 16
9 32
10 20
11 20
12 30
13 18
14 20
15 26
16 10
17 32
18 14
19 30
20 30
21 18
22 20
23 24
24 32
25 10
26 16
27 28
28 18
29 18
30 18
31 14
32 18
33 30
34 18
35 12
36 26
37 14
38 14
39 30
40 22
41 16
42 12
43 18
44 26
45 18
46 20
47 24
48 30
49 18
50 6
51 10
52 18
53 18
54 14
55 16
56 32
57 18
58 14
59 10
60 28
61 26
62 12
63 26
64 22
65 16
66 22
67 34
68 8
69 24
70 8
71 14
72 24
73 26
74 12
75 18
76 22
77 18
78 26
79 14
80 22
81 20
82 26
83 20
84 22
85 20
86 12
87 30
88 18
89 18
90 18
91 16
92 20
93 22
94 18
95 18
96 14
97 28
98 22
99 16
100 16;

end;