set V := 93
44
56
16
9
58
24
27
52
29
13
43
66
77
100
4
80
63
7
6
69
40
78
45
84
81
34
21
73
46
99
49
38
67
1
76
90
39
74
48
61
72
12
2
22
68
8
41
89
82
75
37
85
94
62
70
91
64
88
15
60
17
96
51
86
83
30
32
42
26
65
3
95
5
50
23
18
57
53
79
14
87
35
36
98
54
28
59
31
19
55
47
20
11
97
25
92
33
10
71;

set E:= 
(83, 2)
(31, 8)
(26, 23)
(47, 11)
(12, 8)
(56, 14)
(19, 77)
(94, 20)
(23, 35)
(81, 63)
(57, 17)
(53, 21)
(24, 6)
(76, 12)
(22, 48)
(2, 93)
(83, 1)
(29, 12)
(2, 19)
(7, 69)
(11, 52)
(64, 5)
(19, 93)
(20, 9)
(14, 72)
(8, 40)
(22, 27)
(21, 30)
(5, 15)
(22, 11)
(5, 91)
(47, 20)
(1, 39)
(7, 55)
(22, 97)
(59, 6)
(5, 21)
(29, 4)
(17, 3)
(24, 9)
(4, 99)
(100, 20)
(9, 47)
(77, 75)
(2, 47)
(13, 14)
(13, 46)
(76, 11)
(9, 100)
(2, 51)
(84, 4)
(15, 62)
(10, 8)
(40, 1)
(4, 46)
(1, 34)
(26, 20)
(14, 96)
(82, 16)
(1, 99)
(84, 19)
(50, 14)
(9, 83)
(34, 2)
(19, 3)
(75, 14)
(16, 36)
(96, 84)
(81, 9)
(4, 86)
(94, 18)
(10, 50)
(64, 1)
(86, 17)
(12, 78)
(18, 72)
(64, 3)
(51, 18)
(29, 49)
(46, 23)
(28, 3)
(7, 40)
(15, 33)
(2, 3)
(53, 48)
(7, 100)
(19, 86)
(19, 85)
(19, 63)
(62, 17)
(82, 22)
(17, 60)
(61, 8)
(76, 4)
(15, 16)
(6, 1)
(13, 66)
(4, 72)
(13, 58)
(88, 10)
(42, 21)
(37, 11)
(19, 12)
(21, 53)
(23, 62)
(44, 6)
(37, 17)
(28, 58)
(2, 100)
(81, 10)
(16, 75)
(71, 9)
(30, 17)
(21, 44)
(18, 71)
(85, 18)
(61, 11)
(61, 14)
(98, 12)
(7, 78)
(5, 14)
(100, 21)
(11, 91)
(8, 31)
(54, 2)
(17, 74)
(39, 13)
(21, 87)
(69, 21)
(64, 14)
(70, 8)
(1, 90)
(12, 18)
(87, 44)
(20, 25)
(27, 16)
(17, 61)
(16, 43)
(21, 100)
(67, 19)
(79, 13)
(64, 9)
(76, 1)
(5, 57)
(12, 26)
(52, 19)
(12, 19)
(15, 9)
(99, 14)
(13, 37)
(5, 16)
(17, 52)
(79, 15)
(17, 86)
(44, 19)
(17, 4)
(13, 72)
(74, 5)
(37, 4)
(10, 7)
(15, 35)
(7, 72)
(93, 38)
(17, 18)
(23, 8)
(7, 61)
(50, 2)
(43, 5)
(99, 2)
(4, 42)
(12, 69)
(2, 4)
(45, 13)
(25, 17)
(82, 12)
(6, 72)
(44, 13)
(23, 53)
(22, 65)
(67, 9)
(18, 74)
(89, 16)
(63, 80)
(82, 11)
(47, 3)
(12, 95)
(16, 33)
(35, 16)
(15, 56)
(8, 59)
(72, 17)
(21, 82)
(57, 2)
(1, 11)
(25, 15)
(8, 18)
(14, 21)
(3, 17)
(47, 10)
(5, 54)
(94, 15)
(17, 23)
(33, 18)
(14, 3)
(26, 12)
(1, 78)
(32, 23)
(6, 58)
(9, 19)
(5, 87)
(85, 5)
(5, 82)
(74, 13)
(1, 64)
(4, 55)
(18, 69)
(67, 20)
(20, 57)
(23, 46)
(3, 66)
(59, 15)
(73, 3)
(72, 12)
(39, 7)
(20, 66)
(5, 19)
(19, 23)
(43, 23)
(2, 76)
(17, 67)
(7, 50)
(59, 13)
(53, 3)
(32, 87)
(11, 45)
(1, 22)
(46, 15)
(18, 28)
(54, 3)
(14, 75)
(16, 77)
(95, 13)
(88, 2)
(12, 24)
(11, 56)
(3, 79)
(5, 46)
(83, 17)
(98, 1)
(2, 55)
(6, 9)
(11, 24)
(82, 9)
(16, 54)
(7, 57)
(12, 87)
(3, 36)
(15, 13)
(28, 16)
(1, 33)
(9, 61)
(35, 23)
(51, 12)
(23, 11)
(23, 32)
(21, 19)
(68, 7)
(85, 59)
(10, 68)
(62, 6)
(52, 10)
(76, 13)
(9, 93)
(8, 61)
(54, 5)
(48, 13)
(70, 19)
(10, 64)
(100, 11)
(6, 32)
(2, 90)
(9, 68)
(11, 73)
(17, 37)
(42, 3)
(16, 13)
(68, 22)
(4, 58)
(88, 20)
(17, 45)
(52, 17)
(2, 75)
(38, 8)
(76, 16)
(72, 14)
(91, 4)
(6, 74)
(94, 17)
(2, 52)
(76, 7)
(19, 17)
(51, 98)
(3, 45)
(17, 40)
(2, 34)
(78, 14)
(23, 3)
(60, 8)
(12, 49)
(21, 12)
(73, 6)
(8, 39)
(5, 43)
(3, 2)
(9, 48)
(50, 10)
(17, 14)
(2, 99)
(62, 15)
(9, 27)
(10, 55)
(44, 87)
(75, 93)
(93, 16)
(17, 70)
(53, 19)
(25, 20)
(66, 22)
(64, 2)
(19, 21)
(68, 11)
(65, 70)
(19, 70)
(6, 13)
(80, 17)
(5, 1)
(38, 14)
(3, 47)
(46, 13)
(17, 83)
(90, 19)
(18, 56)
(96, 18)
(42, 4)
(14, 38)
(7, 62)
(17, 91)
(67, 81)
(77, 5)
(29, 1)
(13, 26)
(76, 25)
(19, 71)
(21, 32)
(58, 18)
(73, 70)
(100, 13)
(13, 45)
(13, 16)
(61, 21)
(1, 27)
(19, 9)
(30, 18)
(78, 19)
(24, 15)
(99, 12)
(19, 79)
(16, 62)
(51, 2)
(85, 21)
(50, 16)
(9, 24)
(50, 7)
(83, 6)
(67, 2)
(11, 17)
(7, 75)
(4, 6)
(2, 70)
(11, 32)
(18, 38)
(12, 57)
(10, 100)
(72, 8)
(64, 11)
(20, 94)
(51, 10)
(26, 21)
(38, 93)
(3, 64)
(22, 1)
(13, 63)
(36, 16)
(10, 77)
(57, 1)
(1, 49)
(19, 47)
(18, 16)
(1, 31)
(96, 21)
(31, 23)
(23, 19)
(31, 98)
(6, 88)
(19, 80)
(80, 63)
(92, 9)
(80, 15)
(10, 95)
(12, 76)
(10, 99)
(1, 84)
(93, 12)
(10, 17)
(15, 59)
(8, 70)
(6, 63)
(7, 68)
(88, 14)
(80, 16)
(20, 81)
(76, 60)
(48, 53)
(2, 29)
(71, 8)
(94, 12)
(87, 9)
(58, 13)
(23, 49)
(21, 71)
(10, 59)
(12, 47)
(33, 9)
(3, 16)
(43, 13)
(68, 14)
(76, 8)
(7, 53)
(56, 15)
(3, 55)
(57, 5)
(29, 3)
(1, 45)
(43, 17)
(20, 27)
(6, 14)
(2, 83)
(45, 16)
(51, 11)
(4, 26)
(74, 17)
(51, 23)
(75, 5)
(14, 36)
(20, 15)
(17, 33)
(3, 12)
(84, 22)
(8, 78)
(20, 87)
(49, 14)
(8, 11)
(4, 70)
(36, 21)
(77, 10)
(60, 6)
(50, 74)
(20, 65)
(9, 92)
(32, 12)
(10, 78)
(13, 60)
(16, 15)
(57, 16)
(15, 1)
(94, 9)
(16, 59)
(14, 68)
(20, 58)
(88, 21)
(62, 4)
(7, 90)
(45, 9)
(8, 74)
(35, 21)
(87, 11)
(78, 2)
(53, 17)
(58, 4)
(15, 20)
(11, 57)
(78, 1)
(83, 21)
(1, 14)
(14, 83)
(55, 15)
(73, 94)
(4, 17)
(46, 10)
(3, 98)
(20, 32)
(15, 6)
(4, 69)
(6, 51)
(66, 9)
(6, 73)
(79, 18)
(12, 74)
(100, 17)
(19, 78)
(16, 7)
(90, 37)
(25, 10)
(49, 19)
(87, 18)
(74, 12)
(7, 80)
(34, 23)
(3, 87)
(52, 12)
(18, 17)
(32, 19)
(14, 67)
(1, 6)
(9, 99)
(20, 88)
(8, 79)
(57, 19)
(23, 56)
(3, 29)
(10, 52)
(4, 75)
(93, 9)
(16, 23)
(87, 5)
(6, 27)
(52, 11)
(73, 14)
(91, 7)
(8, 10)
(100, 7)
(96, 19)
(17, 54)
(14, 48)
(97, 21)
(48, 4)
(5, 33)
(18, 73)
(10, 74)
(7, 10)
(3, 76)
(70, 22)
(89, 12)
(57, 8)
(91, 14)
(16, 8)
(72, 16)
(11, 76)
(43, 96)
(69, 14)
(20, 63)
(3, 42)
(86, 6)
(32, 21)
(19, 49)
(13, 15)
(12, 50)
(13, 59)
(16, 37)
(54, 14)
(18, 30)
(20, 26)
(15, 45)
(5, 32)
(13, 52)
(12, 64)
(66, 21)
(1, 87)
(22, 12)
(45, 17)
(56, 17)
(94, 3)
(2, 20)
(1, 70)
(6, 15)
(19, 35)
(19, 24)
(12, 89)
(65, 4)
(63, 4)
(6, 62)
(2, 30)
(62, 23)
(1, 16)
(91, 56)
(58, 19)
(8, 57)
(9, 50)
(60, 10)
(23, 44)
(20, 17)
(9, 7)
(18, 85)
(12, 22)
(4, 53)
(6, 94)
(19, 20)
(17, 1)
(72, 18)
(2, 31)
(12, 3)
(67, 5)
(20, 95)
(6, 24)
(53, 4)
(4, 36)
(10, 39)
(67, 23)
(91, 17)
(22, 77)
(10, 90)
(16, 38)
(71, 45)
(84, 1)
(5, 84)
(11, 37)
(41, 81)
(14, 91)
(55, 5)
(5, 77)
(100, 9)
(86, 8)
(20, 47)
(5, 39)
(96, 4)
(14, 50)
(37, 1)
(69, 7)
(81, 20)
(19, 67)
(33, 4)
(28, 10)
(19, 58)
(70, 21)
(46, 21)
(35, 20)
(2, 7)
(15, 81)
(59, 4)
(21, 14)
(14, 1)
(35, 18)
(73, 22)
(18, 79)
(11, 81)
(9, 82)
(17, 72)
(13, 50)
(11, 98)
(55, 19)
(10, 62)
(69, 23)
(12, 17)
(16, 40)
(2, 37)
(7, 38)
(72, 3)
(94, 6)
(97, 19)
(72, 6)
(2, 23)
(1, 41)
(23, 40)
(22, 81)
(16, 21)
(69, 8)
(45, 14)
(47, 8)
(78, 12)
(12, 35)
(80, 9)
(91, 5)
(67, 34)
(21, 29)
(17, 97)
(64, 12)
(39, 23)
(20, 29)
(2, 68)
(17, 51)
(83, 18)
(10, 56)
(70, 2)
(97, 6)
(17, 62)
(91, 12)
(10, 11)
(36, 4)
(63, 2)
(49, 29)
(23, 37)
(17, 11)
(5, 64)
(19, 44)
(11, 100)
(94, 22)
(14, 56)
(70, 73)
(82, 4)
(42, 16)
(11, 66)
(2, 33)
(98, 3)
(49, 60)
(5, 42)
(6, 3)
(67, 6)
(21, 39)
(70, 7)
(17, 76)
(8, 23)
(16, 82)
(1, 38)
(74, 8)
(78, 10)
(53, 23)
(49, 12)
(75, 77)
(21, 69)
(18, 68)
(32, 22)
(5, 79)
(68, 3)
(87, 6)
(29, 20)
(23, 29)
(87, 3)
(62, 18)
(21, 16)
(100, 3)
(15, 24)
(66, 3)
(56, 23)
(67, 7)
(22, 9)
(7, 94)
(20, 51)
(92, 79)
(70, 1)
(98, 11)
(20, 2)
(23, 30)
(99, 3)
(2, 54)
(40, 6)
(55, 30)
(25, 9)
(49, 3)
(21, 33)
(13, 79)
(63, 100)
(97, 10)
(11, 29)
(41, 77)
(32, 6)
(66, 10)
(84, 96)
(21, 70)
(16, 80)
(67, 14)
(75, 13)
(47, 62)
(85, 8)
(41, 13)
(29, 23)
(56, 18)
(97, 17)
(2, 42)
(9, 63)
(50, 18)
(42, 7)
(86, 13)
(40, 9)
(71, 6)
(60, 49)
(59, 16)
(89, 8)
(3, 19)
(15, 57)
(1, 98)
(78, 22)
(2, 21)
(21, 1)
(3, 67)
(10, 46)
(22, 76)
(86, 22)
(27, 22)
(61, 17)
(21, 61)
(69, 18)
(77, 20)
(4, 28)
(9, 20)
(46, 85)
(74, 10)
(52, 22)
(6, 83)
(12, 70)
(2, 74)
(17, 56)
(6, 18)
(17, 13)
(64, 15)
(49, 20)
(13, 89)
(99, 4)
(68, 18)
(34, 67)
(96, 11)
(7, 91)
(88, 11)
(97, 8)
(22, 52)
(62, 2)
(52, 35)
(48, 9)
(15, 14)
(66, 11)
(69, 15)
(7, 24)
(41, 5)
(15, 55)
(13, 91)
(73, 36)
(13, 30)
(14, 13)
(89, 21)
(76, 20)
(14, 5)
(10, 87)
(21, 2)
(99, 10)
(9, 43)
(16, 41)
(33, 92)
(63, 17)
(80, 19)
(48, 18)
(12, 53)
(72, 5)
(11, 47)
(54, 9)
(53, 10)
(9, 98)
(77, 41)
(85, 17)
(90, 13)
(86, 1)
(17, 80)
(74, 2)
(50, 22)
(4, 68)
(31, 1)
(45, 15)
(16, 18)
(77, 7)
(40, 23)
(21, 90)
(7, 16)
(6, 33)
(17, 63)
(45, 22)
(18, 6)
(34, 6)
(18, 55)
(39, 1)
(59, 8)
(6, 34)
(2, 17)
(47, 16)
(88, 7)
(49, 9)
(12, 81)
(90, 12)
(39, 10)
(34, 1)
(14, 61)
(20, 33)
(9, 55)
(65, 18)
(35, 11)
(13, 68)
(82, 10)
(54, 7)
(16, 5)
(35, 15)
(28, 4)
(53, 5)
(66, 19)
(1, 62)
(71, 18)
(69, 1)
(8, 92)
(99, 1)
(75, 4)
(5, 3)
(9, 30)
(22, 32)
(16, 76)
(81, 21)
(6, 95)
(19, 89)
(2, 59)
(18, 96)
(18, 50)
(81, 57)
(39, 8)
(1, 24)
(8, 60)
(5, 55)
(9, 95)
(61, 4)
(9, 94)
(1, 15)
(52, 13)
(100, 10)
(17, 94)
(9, 6)
(55, 39)
(57, 6)
(40, 11)
(74, 20)
(13, 78)
(49, 23)
(21, 89)
(67, 3)
(19, 96)
(55, 11)
(87, 53)
(17, 19)
(11, 94)
(7, 59)
(3, 94)
(21, 73)
(22, 86)
(13, 57)
(19, 57)
(10, 35)
(100, 19)
(7, 67)
(13, 2)
(8, 84)
(9, 28)
(43, 11)
(3, 59)
(88, 6)
(46, 4)
(6, 21)
(30, 23)
(18, 92)
(70, 11)
(12, 58)
(5, 41)
(17, 100)
(7, 36)
(10, 18)
(9, 31)
(39, 5)
(9, 72)
(42, 9)
(2, 78)
(80, 20)
(70, 65)
(10, 63)
(22, 78)
(65, 8)
(8, 85)
(14, 62)
(14, 41)
(58, 1)
(53, 13)
(12, 99)
(72, 4)
(71, 21)
(63, 6)
(24, 12)
(12, 77)
(24, 18)
(63, 13)
(3, 99)
(4, 91)
(79, 2)
(80, 10)
(21, 74)
(22, 94)
(75, 16)
(9, 33)
(11, 10)
(59, 2)
(42, 20)
(15, 63)
(11, 61)
(79, 19)
(15, 74)
(8, 16)
(75, 7)
(62, 1)
(93, 13)
(7, 76)
(8, 89)
(18, 48)
(10, 94)
(16, 89)
(68, 17)
(2, 40)
(2, 13)
(19, 91)
(3, 53)
(55, 9)
(22, 91)
(15, 8)
(77, 2)
(75, 2)
(15, 94)
(22, 13)
(20, 30)
(4, 8)
(9, 11)
(10, 28)
(85, 4)
(27, 6)
(5, 44)
(19, 5)
(11, 8)
(23, 1)
(22, 45)
(3, 23)
(5, 85)
(11, 27)
(80, 7)
(49, 42)
(45, 71)
(8, 33)
(75, 15)
(20, 80)
(12, 25)
(77, 16)
(94, 73)
(84, 16)
(56, 20)
(47, 22)
(13, 43)
(13, 44)
(63, 8)
(99, 18)
(56, 22)
(14, 35)
(19, 53)
(57, 12)
(1, 40)
(42, 6)
(36, 13)
(20, 24)
(22, 66)
(8, 47)
(10, 97)
(21, 86)
(78, 3)
(22, 24)
(8, 38)
(7, 89)
(48, 21)
(11, 35)
(13, 53)
(45, 21)
(4, 88)
(10, 13)
(57, 15)
(76, 22)
(23, 51)
(46, 12)
(44, 22)
(9, 40)
(69, 12)
(20, 42)
(8, 4)
(73, 21)
(93, 19)
(31, 2)
(96, 43)
(19, 100)
(56, 9)
(12, 34)
(41, 14)
(97, 22)
(74, 15)
(9, 22)
(16, 47)
(14, 60)
(33, 2)
(36, 1)
(11, 70)
(60, 14)
(74, 50)
(2, 63)
(84, 11)
(97, 1)
(2, 97)
(15, 28)
(15, 27)
(89, 36)
(58, 6)
(87, 32)
(20, 4)
(98, 41)
(6, 71)
(2, 77)
(19, 11)
(60, 76)
(58, 28)
(43, 18)
(23, 83)
(7, 32)
(16, 42)
(46, 5)
(4, 39)
(5, 63)
(55, 3)
(19, 45)
(11, 68)
(98, 51)
(21, 5)
(45, 11)
(85, 3)
(52, 21)
(5, 99)
(16, 51)
(39, 14)
(14, 59)
(11, 84)
(1, 54)
(84, 8)
(48, 12)
(20, 39)
(38, 1)
(59, 12)
(1, 29)
(19, 2)
(82, 15)
(23, 26)
(23, 2)
(6, 57)
(55, 7)
(6, 17)
(62, 16)
(23, 24)
(9, 17)
(51, 6)
(8, 15)
(4, 65)
(1, 36)
(22, 7)
(32, 4)
(33, 16)
(17, 10)
(16, 57)
(66, 20)
(72, 13)
(13, 17)
(57, 13)
(9, 87)
(92, 33)
(78, 20)
(24, 17)
(28, 44)
(12, 32)
(7, 54)
(9, 80)
(79, 22)
(20, 59)
(18, 77)
(12, 93)
(69, 59)
(4, 52)
(89, 2)
(14, 88)
(13, 39)
(7, 42)
(21, 48)
(69, 4)
(41, 20)
(57, 11)
(59, 14)
(55, 20)
(52, 2)
(90, 7)
(1, 17)
(19, 95)
(81, 67)
(20, 48)
(12, 82)
(12, 72)
(19, 32)
(78, 13)
(4, 48)
(12, 88)
(25, 12)
(32, 7)
(9, 35)
(91, 22)
(10, 60)
(1, 7)
(11, 40)
(66, 86)
(10, 81)
(32, 20)
(11, 82)
(77, 22)
(21, 88)
(14, 39)
(51, 16)
(99, 6)
(4, 59)
(3, 11)
(20, 56)
(9, 25)
(14, 26)
(45, 7)
(3, 30)
(5, 10)
(23, 69)
(31, 10)
(16, 93)
(98, 9)
(65, 22)
(11, 51)
(82, 6)
(7, 45)
(81, 17)
(21, 93)
(17, 6)
(76, 17)
(82, 71)
(21, 35)
(16, 45)
(35, 52)
(6, 100)
(34, 16)
(56, 16)
(1, 82)
(13, 100)
(14, 25)
(4, 20)
(6, 84)
(12, 15)
(17, 57)
(22, 23)
(42, 14)
(79, 5)
(21, 81)
(28, 9)
(98, 18)
(40, 8)
(12, 80)
(58, 12)
(36, 11)
(15, 75)
(75, 6)
(6, 86)
(20, 67)
(8, 86)
(33, 17)
(9, 52)
(84, 6)
(47, 13)
(55, 99)
(6, 59)
(13, 55)
(60, 19)
(86, 19)
(33, 20)
(82, 1)
(13, 93)
(21, 83)
(94, 14)
(3, 85)
(49, 11)
(11, 74)
(19, 97)
(8, 63)
(15, 5)
(83, 23)
(93, 2)
(21, 17)
(31, 9)
(30, 20)
(37, 13)
(37, 2)
(40, 7)
(6, 97)
(23, 42)
(55, 17)
(35, 9)
(73, 77)
(1, 23)
(82, 5)
(18, 40)
(5, 28)
(71, 97)
(79, 3)
(9, 81)
(6, 91)
(62, 19)
(14, 15)
(13, 75)
(77, 19)
(62, 47)
(68, 2)
(87, 20)
(40, 2)
(7, 13)
(33, 21)
(41, 16)
(22, 68)
(20, 100)
(13, 6)
(74, 11)
(100, 63)
(54, 66)
(15, 98)
(15, 7)
(11, 87)
(36, 89)
(35, 19)
(1, 97)
(43, 9)
(30, 9)
(37, 23)
(19, 66)
(5, 4)
(5, 90)
(16, 74)
(21, 6)
(63, 23)
(6, 23)
(89, 13)
(55, 2)
(6, 44)
(4, 85)
(9, 15)
(23, 17)
(54, 17)
(29, 11)
(35, 10)
(3, 6)
(63, 1)
(97, 2)
(14, 42)
(91, 11)
(77, 73)
(91, 9)
(22, 70)
(83, 9)
(33, 5)
(71, 82)
(59, 7)
(19, 29)
(15, 47)
(11, 96)
(95, 18)
(11, 80)
(17, 68)
(9, 67)
(11, 9)
(19, 62)
(12, 98)
(19, 52)
(6, 99)
(37, 9)
(22, 73)
(81, 15)
(12, 84)
(6, 4)
(68, 64)
(2, 16)
(15, 79)
(8, 14)
(47, 19)
(14, 54)
(13, 48)
(20, 28)
(14, 69)
(33, 15)
(8, 32)
(42, 49)
(7, 28)
(96, 13)
(7, 34)
(44, 5)
(6, 75)
(7, 70)
(27, 11)
(52, 23)
(15, 76)
(60, 13)
(3, 28)
(23, 63)
(17, 24)
(47, 15)
(17, 2)
(92, 18)
(12, 37)
(51, 20)
(22, 60)
(32, 5)
(84, 9)
(9, 56)
(10, 53)
(5, 53)
(25, 14)
(89, 56)
(59, 20)
(86, 14)
(1, 57)
(19, 90)
(51, 17)
(23, 71)
(30, 55)
(3, 68)
(8, 76)
(28, 18)
(26, 4)
(24, 1)
(90, 10)
(24, 7)
(13, 95)
(39, 11)
(76, 3)
(70, 17)
(40, 17)
(2, 50)
(20, 77)
(15, 97)
(16, 1)
(50, 13)
(4, 5)
(7, 39)
(30, 19)
(86, 20)
(41, 98)
(39, 20)
(5, 6)
(76, 10)
(17, 43)
(38, 16)
(21, 43)
(17, 20)
(54, 16)
(57, 7)
(8, 48)
(92, 10)
(71, 19)
(12, 33)
(22, 82)
(81, 41)
(76, 19)
(7, 9)
(84, 5)
(4, 96)
(5, 75)
(10, 47)
(7, 22)
(12, 21)
(17, 31)
(11, 19)
(9, 42)
(86, 4)
(4, 82)
(44, 21)
(6, 60)
(90, 5)
(11, 64)
(39, 15)
(21, 45)
(33, 1)
(38, 18)
(54, 1)
(53, 87)
(18, 58)
(3, 33)
(13, 27)
(28, 19)
(36, 7)
(91, 6)
(3, 73)
(9, 71)
(6, 77)
(19, 76)
(11, 55)
(68, 4)
(85, 46)
(23, 16)
(23, 34)
(15, 53)
(13, 96)
(11, 23)
(48, 22)
(18, 24)
(8, 43)
(20, 35)
(62, 10)
(63, 81)
(14, 17)
(2, 57)
(10, 88)
(95, 12)
(23, 31)
(14, 73)
(27, 1)
(34, 20)
(69, 5)
(12, 59)
(14, 94)
(18, 51)
(48, 14)
(3, 49)
(4, 84)
(80, 21)
(24, 20)
(96, 16)
(6, 69)
(63, 10)
(21, 85)
(60, 22)
(11, 36)
(21, 34)
(34, 12)
(57, 81)
(63, 15)
(80, 12)
(14, 8)
(25, 13)
(13, 86)
(17, 9)
(27, 19)
(18, 43)
(13, 22)
(2, 96)
(37, 90)
(14, 49)
(55, 4)
(10, 31)
(1, 37)
(35, 12)
(16, 50)
(66, 54)
(17, 30)
(4, 37)
(11, 1)
(53, 12)
(23, 6)
(11, 39)
(24, 11)
(1, 69)
(1, 83)
(19, 60)
(4, 2)
(59, 85)
(95, 9)
(45, 23)
(71, 11)
(90, 21)
(12, 91)
(37, 16)
(8, 97)
(14, 58)
(52, 9)
(23, 52)
(21, 51)
(55, 13)
(47, 17)
(68, 13)
(71, 3)
(61, 3)
(68, 9)
(18, 8)
(51, 19)
(3, 78)
(3, 100)
(87, 10)
(74, 6)
(16, 85)
(11, 22)
(20, 19)
(83, 3)
(31, 17)
(58, 14)
(50, 12)
(93, 8)
(74, 16)
(22, 56)
(21, 96)
(53, 7)
(74, 18)
(16, 34)
(22, 47)
(13, 10)
(16, 84)
(3, 61)
(28, 7)
(9, 84)
(27, 20)
(33, 7)
(13, 74)
(78, 11)
(82, 21)
(5, 88)
(67, 10)
(15, 58)
(21, 99)
(47, 2)
(30, 3)
(45, 19)
(4, 32)
(8, 71)
(11, 3)
(4, 63)
(18, 33)
(16, 20)
(13, 47)
(9, 66)
(63, 19)
(13, 41)
(84, 12)
(89, 19)
(90, 1)
(1, 44)
(8, 12)
(70, 4)
(20, 34)
(2, 89)
(29, 21)
(30, 21)
(28, 20)
(85, 19)
(91, 13)
(85, 16)
(22, 44)
(78, 7)
(26, 13)
(18, 12)
(33, 8)
(73, 18)
(39, 4)
(47, 9)
(7, 77)
(10, 66)
(7, 15)
(13, 25)
(90, 2)
(18, 65)
(15, 39)
(3, 72)
(70, 12)
(40, 18)
(50, 9)
(56, 10)
(68, 10)
(14, 45)
(42, 23)
(4, 62)
(6, 82)
(21, 52)
(6, 67)
(43, 16)
(29, 19)
(12, 90)
(71, 23)
(3, 83)
(89, 1)
(4, 61)
(66, 13)
(23, 22)
(42, 2)
(44, 28)
(77, 6)
(15, 22)
(1, 58)
(33, 14)
(87, 12)
(35, 14)
(1, 63)
(5, 67)
(12, 48)
(39, 21)
(44, 1)
(21, 46)
(94, 10)
(16, 3)
(23, 45)
(40, 16)
(2, 38)
(95, 20)
(55, 18)
(76, 15)
(99, 55)
(18, 98)
(22, 17)
(3, 5)
(12, 94)
(16, 35)
(88, 22)
(88, 5)
(4, 45)
(8, 65)
(20, 16)
(39, 55)
(63, 20)
(91, 19)
(16, 96)
(58, 20)
(17, 25)
(96, 14)
(22, 88)
(100, 16)
(10, 67)
(3, 54)
(10, 92)
(48, 20)
(17, 47)
(16, 56)
(32, 11)
(37, 12)
(4, 76)
(4, 34)
(14, 33)
(19, 55)
(99, 21)
(94, 2)
(18, 95)
(45, 1)
(10, 76)
(18, 57)
(3, 71)
(55, 10)
(48, 8)
(60, 17)
(2, 67)
(17, 21)
(94, 7)
(16, 27)
(20, 86)
(13, 7)
(20, 21)
(20, 76)
(27, 15)
(16, 72)
(32, 8)
(15, 64)
(12, 52)
(9, 97)
(21, 20)
(38, 7)
(97, 15)
(53, 8)
(41, 1)
(86, 21)
(19, 51)
(22, 74)
(2, 64)
(33, 3)
(9, 45)
(12, 51)
(15, 80)
(11, 71)
(19, 27)
(11, 13)
(6, 40)
(87, 1)
(30, 13)
(15, 30)
(1, 21)
(89, 7)
(42, 5)
(2, 62)
(16, 2)
(25, 76)
(88, 12)
(15, 25)
(8, 53)
(9, 37)
(6, 5)
(21, 42)
(17, 53)
(51, 21)
(36, 73)
(14, 64)
(44, 23)
(24, 23)
(95, 10)
(9, 91)
(15, 82)
(100, 2)
(6, 87)
(81, 22)
(23, 67)
(36, 14)
(80, 13)
(98, 15)
(23, 57)
(14, 86)
(1, 76)
(93, 75)
(18, 35)
(30, 2)
(26, 14)
(34, 7)
(1, 5)
(20, 74)
(17, 55)
(62, 7)
(18, 60)
(9, 54)
(58, 15)
(88, 4)
(20, 41)
(24, 8)
(74, 21)
(71, 72)
(13, 80)
(73, 11)
(12, 29)
(94, 11)
(61, 9)
(62, 14)
(1, 86)
(93, 21)
(16, 28)
(24, 19)
(56, 91)
(77, 12)
(21, 97)
(10, 82)
(18, 83)
(4, 29)
(64, 68)
(61, 7)
(95, 19)
(20, 49)
(59, 69)
(96, 2)
(95, 86)
(57, 18)
(5, 69)
(18, 99)
(59, 3)
(13, 11)
(97, 9)
(8, 69)
(76, 2)
(99, 9)
(43, 21)
(19, 30)
(19, 84)
(21, 80)
(9, 75)
(1, 89)
(38, 2)
(11, 78)
(57, 20)
(34, 4)
(27, 13)
(2, 88)
(17, 81)
(79, 8)
(18, 62)
(67, 17)
(8, 24)
(99, 5)
(8, 72)
(4, 33)
(81, 12)
(29, 2)
(12, 46)
(57, 23)
(56, 11)
(17, 85)
(9, 49)
(22, 84)
(5, 74)
(28, 15)
(7, 33)
(95, 6)
(21, 66)
(22, 15)
(33, 12)
(63, 5)
(11, 49)
(7, 88)
(10, 80)
(77, 18)
(52, 4)
(83, 14)
(24, 22)
(80, 11)
(18, 87)
(15, 46)
(86, 95)
(9, 64)
(92, 8)
(56, 89)
(14, 99)
(14, 24)
(81, 11)
(5, 72)
(53, 15)
(15, 69)
(13, 76)
(100, 6)
(22, 79)
(17, 22)
(17, 12)
(28, 5)
(23, 39)
(7, 1)
(97, 71)
(11, 43)
(10, 5)
(27, 9)
(34, 21)
(86, 66)
(74, 22)
(13, 90)
(8, 93)
(30, 15)
(23, 43)
(59, 10)
(20, 78)
(69, 6)
(24, 14)
(47, 12)
(72, 7)
(18, 94)
(6, 42)
(75, 9)
(15, 12)
(36, 3)
(72, 71)
(45, 4)
(79, 92)
(2, 94)
(33, 6)
(10, 51)
(21, 26)
(87, 21)
(14, 78)
(60, 18)
(22, 50)
(2, 79)
(11, 88)
(10, 25)
(19, 28)
(7, 2)
(18, 10)
(65, 20)
(14, 6)
(3, 14)
(78, 8)
(98, 31)
(64, 10)
(72, 9)
(49, 1)
(16, 100)
(13, 36)
(43, 8)
(45, 3)
(21, 36)
(63, 9)
(20, 55);

set L := 44
6
30
32
42
12
40
26
2
16
45
3
22
8
41
5
9
50
23
24
18
27
34
21
14
37
35
36
29
13
43
46
28
4
31
15
49
19
38
47
1
20
17
11
25
33
10
39
48
7;

set EL[1] :=
(14, 39)
(39, 14)
(85, 46)
(46, 85)
(49, 42)
(42, 49)
(41, 98)
(98, 41)
(81, 41)
(41, 81)
(1, 57)
(57, 1)
(1, 58)
(58, 1)
(4, 8)
(8, 4)
(8, 10)
(10, 8)
(8, 78)
(78, 8)
(10, 46)
(46, 10)
(12, 32)
(32, 12)
(13, 43)
(43, 13)
(16, 28)
(28, 16)
(17, 22)
(22, 17)
(17, 23)
(23, 17)
(18, 95)
(95, 18)
(19, 93)
(93, 19)
(20, 55)
(55, 20)
(20, 77)
(77, 20)
(22, 68)
(68, 22);

set EL[2] :=
(2, 57)
(57, 2)
(5, 43)
(43, 5)
(6, 51)
(51, 6)
(9, 31)
(31, 9)
(9, 64)
(64, 9)
(9, 91)
(91, 9)
(9, 94)
(94, 9)
(11, 13)
(13, 11)
(14, 75)
(75, 14)
(15, 58)
(58, 15)
(16, 40)
(40, 16)
(16, 41)
(41, 16)
(17, 54)
(54, 17)
(18, 68)
(68, 18)
(19, 78)
(78, 19)
(21, 30)
(30, 21)
(22, 94)
(94, 22);

set EL[3] :=
(1, 7)
(7, 1)
(1, 29)
(29, 1)
(2, 37)
(37, 2)
(5, 10)
(10, 5)
(5, 84)
(84, 5)
(6, 27)
(27, 6)
(7, 13)
(13, 7)
(7, 16)
(16, 7)
(7, 22)
(22, 7)
(8, 14)
(14, 8)
(10, 94)
(94, 10)
(11, 73)
(73, 11)
(11, 74)
(74, 11)
(13, 72)
(72, 13)
(14, 56)
(56, 14)
(15, 33)
(33, 15)
(15, 47)
(47, 15)
(19, 21)
(21, 19)
(20, 95)
(95, 20)
(23, 24)
(24, 23);

set EL[4] :=
(45, 71)
(71, 45)
(3, 53)
(53, 3)
(3, 55)
(55, 3)
(4, 59)
(59, 4)
(4, 76)
(76, 4)
(5, 44)
(44, 5)
(7, 34)
(34, 7)
(8, 92)
(92, 8)
(9, 24)
(24, 9)
(11, 71)
(71, 11)
(12, 22)
(22, 12)
(12, 74)
(74, 12)
(12, 90)
(90, 12)
(13, 16)
(16, 13)
(14, 68)
(68, 14)
(18, 50)
(50, 18)
(18, 60)
(60, 18)
(19, 28)
(28, 19)
(19, 49)
(49, 19)
(19, 77)
(77, 19)
(20, 41)
(41, 20)
(20, 59)
(59, 20)
(20, 63)
(63, 20)
(21, 83)
(83, 21);

set EL[5] :=
(47, 62)
(62, 47)
(1, 34)
(34, 1)
(1, 99)
(99, 1)
(2, 30)
(30, 2)
(2, 52)
(52, 2)
(2, 83)
(83, 2)
(3, 100)
(100, 3)
(4, 33)
(33, 4)
(5, 72)
(72, 5)
(10, 35)
(35, 10)
(11, 19)
(19, 11)
(13, 44)
(44, 13)
(15, 28)
(28, 15)
(16, 27)
(27, 16)
(16, 59)
(59, 16)
(17, 57)
(57, 17)
(19, 79)
(79, 19)
(23, 56)
(56, 23);

set EL[6] :=
(73, 70)
(70, 73)
(20, 42)
(42, 20)
(58, 28)
(28, 58)
(89, 56)
(56, 89)
(2, 77)
(77, 2)
(2, 93)
(93, 2)
(5, 91)
(91, 5)
(7, 57)
(57, 7)
(7, 72)
(72, 7)
(9, 52)
(52, 9)
(10, 47)
(47, 10)
(11, 27)
(27, 11)
(11, 64)
(64, 11)
(11, 76)
(76, 11)
(14, 42)
(42, 14)
(14, 61)
(61, 14)
(18, 35)
(35, 18)
(18, 96)
(96, 18)
(19, 86)
(86, 19)
(21, 69)
(69, 21);

set EL[7] :=
(87, 32)
(32, 87)
(3, 19)
(19, 3)
(3, 42)
(42, 3)
(3, 54)
(54, 3)
(3, 71)
(71, 3)
(6, 33)
(33, 6)
(9, 30)
(30, 9)
(10, 17)
(17, 10)
(10, 60)
(60, 10)
(13, 96)
(96, 13)
(14, 64)
(64, 14)
(15, 56)
(56, 15)
(15, 74)
(74, 15)
(18, 98)
(98, 18)
(20, 39)
(39, 20)
(21, 89)
(89, 21)
(22, 45)
(45, 22)
(22, 81)
(81, 22);

set EL[8] :=
(1, 23)
(23, 1)
(1, 84)
(84, 1)
(1, 89)
(89, 1)
(2, 23)
(23, 2)
(2, 67)
(67, 2)
(5, 85)
(85, 5)
(6, 73)
(73, 6)
(6, 83)
(83, 6)
(8, 71)
(71, 8)
(9, 63)
(63, 9)
(9, 98)
(98, 9)
(10, 11)
(11, 10)
(10, 92)
(92, 10)
(10, 95)
(95, 10)
(11, 37)
(37, 11)
(13, 14)
(14, 13)
(13, 52)
(52, 13)
(13, 100)
(100, 13)
(14, 48)
(48, 14)
(15, 35)
(35, 15)
(17, 63)
(63, 17)
(18, 38)
(38, 18)
(20, 94)
(94, 20)
(21, 71)
(71, 21)
(21, 82)
(82, 21)
(23, 32)
(32, 23)
(23, 37)
(37, 23);

set EL[9] :=
(67, 9)
(9, 67)
(76, 60)
(60, 76)
(74, 50)
(50, 74)
(71, 72)
(72, 71)
(43, 96)
(96, 43)
(11, 52)
(52, 11)
(3, 33)
(33, 3)
(2, 51)
(51, 2)
(3, 68)
(68, 3)
(4, 46)
(46, 4)
(5, 21)
(21, 5)
(6, 34)
(34, 6)
(8, 84)
(84, 8)
(8, 85)
(85, 8)
(9, 99)
(99, 9)
(11, 68)
(68, 11)
(15, 79)
(79, 15)
(16, 56)
(56, 16)
(17, 30)
(30, 17)
(17, 43)
(43, 17)
(18, 85)
(85, 18)
(21, 88)
(88, 21)
(22, 44)
(44, 22)
(22, 52)
(52, 22)
(23, 43)
(43, 23);

set EL[10] :=
(2, 100)
(100, 2)
(3, 16)
(16, 3)
(4, 68)
(68, 4)
(4, 99)
(99, 4)
(7, 39)
(39, 7)
(10, 63)
(63, 10)
(10, 80)
(80, 10)
(12, 91)
(91, 12)
(14, 36)
(36, 14)
(20, 56)
(56, 20)
(21, 66)
(66, 21)
(21, 90)
(90, 21)
(23, 42)
(42, 23)
(23, 62)
(62, 23);

set EL[11] :=
(6, 57)
(57, 6)
(12, 26)
(26, 12)
(16, 15)
(15, 16)
(21, 74)
(74, 21)
(1, 21)
(21, 1)
(2, 7)
(7, 2)
(2, 17)
(17, 2)
(3, 67)
(67, 3)
(4, 53)
(53, 4)
(6, 15)
(15, 6)
(6, 77)
(77, 6)
(7, 80)
(80, 7)
(9, 20)
(20, 9)
(9, 47)
(47, 9)
(9, 55)
(55, 9)
(9, 71)
(71, 9)
(9, 83)
(83, 9)
(10, 50)
(50, 10)
(10, 51)
(51, 10)
(12, 49)
(49, 12)
(13, 90)
(90, 13)
(14, 60)
(60, 14)
(22, 91)
(91, 22)
(23, 53)
(53, 23);

set EL[12] :=
(79, 92)
(92, 79)
(52, 35)
(35, 52)
(2, 16)
(16, 2)
(5, 15)
(15, 5)
(6, 72)
(72, 6)
(6, 91)
(91, 6)
(7, 36)
(36, 7)
(8, 16)
(16, 8)
(10, 88)
(88, 10)
(11, 43)
(43, 11)
(11, 56)
(56, 11)
(12, 46)
(46, 12)
(12, 53)
(53, 12)
(12, 58)
(58, 12)
(15, 30)
(30, 15)
(15, 62)
(62, 15)
(16, 38)
(38, 16)
(16, 84)
(84, 16)
(17, 18)
(18, 17)
(17, 60)
(60, 17)
(17, 83)
(83, 17)
(20, 48)
(48, 20)
(20, 57)
(57, 20)
(23, 44)
(44, 23);

set EL[13] :=
(95, 86)
(86, 95)
(31, 98)
(98, 31)
(13, 86)
(86, 13)
(8, 97)
(97, 8)
(2, 75)
(75, 2)
(2, 89)
(89, 2)
(3, 11)
(11, 3)
(3, 64)
(64, 3)
(4, 6)
(6, 4)
(5, 32)
(32, 5)
(6, 23)
(23, 6)
(7, 45)
(45, 7)
(7, 61)
(61, 7)
(8, 60)
(60, 8)
(11, 24)
(24, 11)
(11, 70)
(70, 11)
(14, 67)
(67, 14)
(16, 18)
(18, 16)
(16, 23)
(23, 16)
(19, 27)
(27, 19)
(19, 66)
(66, 19)
(20, 30)
(30, 20)
(21, 33)
(33, 21)
(22, 79)
(79, 22);

set EL[14] :=
(1, 45)
(45, 1)
(2, 33)
(33, 2)
(5, 90)
(90, 5)
(6, 74)
(74, 6)
(7, 54)
(54, 7)
(9, 93)
(93, 9)
(10, 56)
(56, 10)
(11, 96)
(96, 11)
(14, 62)
(62, 14)
(16, 54)
(54, 16)
(17, 31)
(31, 17)
(19, 24)
(24, 19)
(22, 24)
(24, 22);

set EL[15] :=
(1, 37)
(37, 1)
(1, 6)
(6, 1)
(1, 17)
(17, 1)
(1, 78)
(78, 1)
(1, 97)
(97, 1)
(2, 34)
(34, 2)
(2, 74)
(74, 2)
(6, 9)
(9, 6)
(9, 22)
(22, 9)
(9, 28)
(28, 9)
(12, 64)
(64, 12)
(13, 25)
(25, 13)
(13, 37)
(37, 13)
(13, 57)
(57, 13)
(17, 72)
(72, 17)
(19, 30)
(30, 19)
(19, 60)
(60, 19)
(21, 70)
(70, 21)
(21, 93)
(93, 21)
(22, 66)
(66, 22)
(22, 82)
(82, 22)
(23, 49)
(49, 23);

set EL[16] :=
(18, 87)
(87, 18)
(17, 68)
(68, 17)
(1, 40)
(40, 1)
(2, 4)
(4, 2)
(4, 62)
(62, 4)
(4, 96)
(96, 4)
(8, 59)
(59, 8)
(11, 17)
(17, 11)
(11, 47)
(47, 11)
(11, 100)
(100, 11)
(13, 93)
(93, 13)
(16, 76)
(76, 16)
(17, 19)
(19, 17)
(17, 61)
(61, 17)
(19, 63)
(63, 19)
(21, 43)
(43, 21)
(21, 61)
(61, 21)
(23, 35)
(35, 23);

set EL[17] :=
(24, 17)
(17, 24)
(1, 31)
(31, 1)
(2, 20)
(20, 2)
(3, 47)
(47, 3)
(5, 39)
(39, 5)
(5, 42)
(42, 5)
(5, 57)
(57, 5)
(6, 86)
(86, 6)
(8, 11)
(11, 8)
(9, 42)
(42, 9)
(10, 66)
(66, 10)
(10, 67)
(67, 10)
(11, 32)
(32, 11)
(13, 36)
(36, 13)
(15, 55)
(55, 15)
(15, 76)
(76, 15)
(17, 70)
(70, 17)
(18, 58)
(58, 18)
(19, 20)
(20, 19)
(19, 52)
(52, 19)
(19, 97)
(97, 19)
(20, 66)
(66, 20);

set EL[18] :=
(1, 54)
(54, 1)
(1, 76)
(76, 1)
(1, 87)
(87, 1)
(2, 40)
(40, 2)
(2, 50)
(50, 2)
(4, 86)
(86, 4)
(5, 88)
(88, 5)
(6, 94)
(94, 6)
(10, 13)
(13, 10)
(12, 87)
(87, 12)
(13, 22)
(22, 13)
(16, 77)
(77, 16)
(17, 47)
(47, 17)
(17, 53)
(53, 17)
(17, 81)
(81, 17)
(17, 97)
(97, 17)
(18, 65)
(65, 18)
(19, 85)
(85, 19)
(20, 81)
(81, 20)
(21, 51)
(51, 21)
(23, 26)
(26, 23);

set EL[19] :=
(68, 64)
(64, 68)
(9, 27)
(27, 9)
(3, 6)
(6, 3)
(6, 97)
(97, 6)
(10, 52)
(52, 10)
(10, 53)
(53, 10)
(10, 64)
(64, 10)
(11, 40)
(40, 11)
(11, 51)
(51, 11)
(14, 21)
(21, 14)
(16, 35)
(35, 16)
(18, 55)
(55, 18)
(18, 73)
(73, 18)
(18, 92)
(92, 18)
(19, 58)
(58, 19)
(19, 71)
(71, 19)
(21, 99)
(99, 21)
(23, 40)
(40, 23);

set EL[20] :=
(3, 66)
(66, 3)
(4, 20)
(20, 4)
(4, 55)
(55, 4)
(5, 64)
(64, 5)
(5, 75)
(75, 5)
(9, 11)
(11, 9)
(9, 43)
(43, 9)
(10, 97)
(97, 10)
(12, 35)
(35, 12)
(12, 69)
(69, 12)
(13, 15)
(15, 13)
(13, 59)
(59, 13)
(14, 41)
(41, 14)
(15, 53)
(53, 15)
(18, 48)
(48, 18)
(21, 53)
(53, 21);

set EL[21] :=
(41, 77)
(77, 41)
(2, 79)
(79, 2)
(3, 99)
(99, 3)
(4, 36)
(36, 4)
(4, 48)
(48, 4)
(7, 55)
(55, 7)
(7, 89)
(89, 7)
(12, 47)
(47, 12)
(14, 54)
(54, 14)
(16, 75)
(75, 16)
(17, 37)
(37, 17)
(17, 51)
(51, 17)
(18, 43)
(43, 18)
(18, 69)
(69, 18)
(18, 71)
(71, 18)
(18, 77)
(77, 18)
(18, 83)
(83, 18)
(19, 100)
(100, 19)
(23, 45)
(45, 23);

set EL[22] :=
(61, 8)
(8, 61)
(78, 3)
(3, 78)
(38, 93)
(93, 38)
(3, 83)
(83, 3)
(4, 42)
(42, 4)
(4, 91)
(91, 4)
(6, 32)
(32, 6)
(6, 63)
(63, 6)
(8, 43)
(43, 8)
(8, 48)
(48, 8)
(8, 89)
(89, 8)
(9, 87)
(87, 9)
(10, 31)
(31, 10)
(12, 29)
(29, 12)
(12, 51)
(51, 12)
(14, 15)
(15, 14)
(16, 43)
(43, 16)
(17, 86)
(86, 17)
(20, 35)
(35, 20)
(21, 26)
(26, 21)
(21, 44)
(44, 21)
(21, 97)
(97, 21)
(22, 50)
(50, 22)
(22, 74)
(74, 22)
(22, 76)
(76, 22);

set EL[23] :=
(33, 17)
(17, 33)
(2, 54)
(54, 2)
(2, 90)
(90, 2)
(4, 37)
(37, 4)
(7, 67)
(67, 7)
(8, 72)
(72, 8)
(9, 81)
(81, 9)
(11, 22)
(22, 11)
(11, 88)
(88, 11)
(12, 21)
(21, 12)
(13, 46)
(46, 13)
(15, 46)
(46, 15)
(16, 45)
(45, 16)
(16, 96)
(96, 16)
(19, 35)
(35, 19)
(20, 78)
(78, 20)
(21, 35)
(35, 21)
(21, 48)
(48, 21);

set EL[24] :=
(59, 85)
(85, 59)
(49, 11)
(11, 49)
(53, 87)
(87, 53)
(2, 47)
(47, 2)
(5, 74)
(74, 5)
(6, 17)
(17, 6)
(6, 18)
(18, 6)
(7, 15)
(15, 7)
(8, 33)
(33, 8)
(11, 29)
(29, 11)
(12, 18)
(18, 12)
(12, 72)
(72, 12)
(13, 74)
(74, 13)
(14, 26)
(26, 14)
(18, 56)
(56, 18)
(19, 80)
(80, 19)
(20, 65)
(65, 20);

set EL[25] :=
(19, 29)
(29, 19)
(92, 33)
(33, 92)
(63, 81)
(81, 63)
(1, 98)
(98, 1)
(2, 21)
(21, 2)
(2, 38)
(38, 2)
(2, 88)
(88, 2)
(3, 61)
(61, 3)
(3, 72)
(72, 3)
(4, 63)
(63, 4)
(5, 55)
(55, 5)
(5, 67)
(67, 5)
(6, 84)
(84, 6)
(8, 12)
(12, 8)
(8, 15)
(15, 8)
(9, 61)
(61, 9)
(10, 59)
(59, 10)
(11, 35)
(35, 11)
(11, 84)
(84, 11)
(13, 53)
(53, 13)
(14, 38)
(38, 14)
(14, 69)
(69, 14)
(14, 99)
(99, 14)
(15, 97)
(97, 15)
(16, 47)
(47, 16)
(17, 25)
(25, 17)
(17, 40)
(40, 17)
(21, 36)
(36, 21);

set EL[26] :=
(60, 49)
(49, 60)
(28, 44)
(44, 28)
(4, 26)
(26, 4)
(6, 24)
(24, 6)
(7, 38)
(38, 7)
(8, 76)
(76, 8)
(8, 86)
(86, 8)
(9, 37)
(37, 9)
(9, 75)
(75, 9)
(13, 79)
(79, 13)
(14, 17)
(17, 14)
(15, 59)
(59, 15)
(15, 94)
(94, 15)
(18, 40)
(40, 18)
(19, 44)
(44, 19)
(22, 65)
(65, 22)
(23, 67)
(67, 23);

set EL[27] :=
(91, 56)
(56, 91)
(2, 62)
(62, 2)
(2, 78)
(78, 2)
(3, 12)
(12, 3)
(4, 28)
(28, 4)
(6, 42)
(42, 6)
(8, 65)
(65, 8)
(9, 17)
(17, 9)
(9, 19)
(19, 9)
(9, 82)
(82, 9)
(9, 100)
(100, 9)
(10, 28)
(28, 10)
(11, 45)
(45, 11)
(13, 17)
(17, 13)
(15, 25)
(25, 15)
(20, 32)
(32, 20);

set EL[28] :=
(77, 73)
(73, 77)
(36, 1)
(1, 36)
(6, 13)
(13, 6)
(1, 62)
(62, 1)
(3, 23)
(23, 3)
(3, 79)
(79, 3)
(4, 65)
(65, 4)
(6, 44)
(44, 6)
(7, 42)
(42, 7)
(7, 78)
(78, 7)
(8, 38)
(38, 8)
(8, 39)
(39, 8)
(12, 93)
(93, 12)
(13, 66)
(66, 13)
(14, 33)
(33, 14)
(15, 27)
(27, 15)
(16, 33)
(33, 16)
(16, 89)
(89, 16)
(20, 80)
(80, 20);

set EL[29] :=
(98, 51)
(51, 98)
(81, 57)
(57, 81)
(1, 63)
(63, 1)
(1, 70)
(70, 1)
(3, 28)
(28, 3)
(3, 49)
(49, 3)
(3, 59)
(59, 3)
(3, 85)
(85, 3)
(6, 100)
(100, 6)
(7, 91)
(91, 7)
(8, 47)
(47, 8)
(9, 50)
(50, 9)
(10, 68)
(68, 10)
(10, 82)
(82, 10)
(11, 82)
(82, 11)
(12, 24)
(24, 12)
(12, 80)
(80, 12)
(13, 27)
(27, 13)
(13, 39)
(39, 13)
(13, 76)
(76, 13)
(16, 82)
(82, 16)
(18, 72)
(72, 18)
(18, 79)
(79, 18)
(19, 53)
(53, 19)
(19, 67)
(67, 19)
(21, 96)
(96, 21)
(22, 47)
(47, 22)
(22, 56)
(56, 22)
(22, 84)
(84, 22);

set EL[30] :=
(7, 76)
(76, 7)
(30, 55)
(55, 30)
(1, 15)
(15, 1)
(1, 38)
(38, 1)
(4, 82)
(82, 4)
(5, 28)
(28, 5)
(5, 53)
(53, 5)
(6, 75)
(75, 6)
(7, 53)
(53, 7)
(7, 69)
(69, 7)
(7, 77)
(77, 7)
(8, 18)
(18, 8)
(9, 49)
(49, 9)
(10, 77)
(77, 10)
(10, 100)
(100, 10)
(11, 39)
(39, 11)
(12, 57)
(57, 12)
(12, 70)
(70, 12)
(15, 39)
(39, 15)
(18, 30)
(30, 18)
(21, 29)
(29, 21)
(21, 32)
(32, 21);

set EL[31] :=
(1, 5)
(5, 1)
(1, 49)
(49, 1)
(7, 9)
(9, 7)
(9, 54)
(54, 9)
(12, 89)
(89, 12)
(13, 47)
(47, 13)
(13, 48)
(48, 13)
(14, 45)
(45, 14)
(16, 20)
(20, 16)
(16, 21)
(21, 16)
(16, 80)
(80, 16)
(17, 55)
(55, 17)
(17, 80)
(80, 17)
(18, 62)
(62, 18)
(23, 46)
(46, 23);

set EL[32] :=
(2, 13)
(13, 2)
(3, 94)
(94, 3)
(5, 16)
(16, 5)
(5, 19)
(19, 5)
(6, 95)
(95, 6)
(7, 33)
(33, 7)
(7, 90)
(90, 7)
(9, 66)
(66, 9)
(14, 94)
(94, 14)
(15, 80)
(80, 15)
(16, 72)
(72, 16)
(17, 74)
(74, 17)
(19, 55)
(55, 19)
(20, 33)
(33, 20)
(20, 87)
(87, 20)
(22, 86)
(86, 22);

set EL[33] :=
(77, 75)
(75, 77)
(29, 49)
(49, 29)
(22, 97)
(97, 22)
(3, 87)
(87, 3)
(6, 59)
(59, 6)
(7, 40)
(40, 7)
(7, 70)
(70, 7)
(8, 31)
(31, 8)
(11, 61)
(61, 11)
(11, 80)
(80, 11)
(14, 86)
(86, 14)
(16, 42)
(42, 16)
(17, 56)
(56, 17)
(17, 67)
(67, 17)
(19, 95)
(95, 19)
(20, 28)
(28, 20)
(21, 46)
(46, 21)
(23, 30)
(30, 23);

set EL[34] :=
(12, 78)
(78, 12)
(63, 80)
(80, 63)
(1, 27)
(27, 1)
(1, 64)
(64, 1)
(3, 98)
(98, 3)
(6, 67)
(67, 6)
(7, 59)
(59, 7)
(8, 32)
(32, 8)
(11, 57)
(57, 11)
(12, 19)
(19, 12)
(14, 78)
(78, 14)
(14, 96)
(96, 14)
(15, 82)
(82, 15)
(17, 94)
(94, 17)
(18, 94)
(94, 18)
(19, 96)
(96, 19)
(20, 26)
(26, 20)
(20, 100)
(100, 20)
(22, 48)
(48, 22);

set EL[35] :=
(48, 53)
(53, 48)
(1, 44)
(44, 1)
(1, 83)
(83, 1)
(3, 17)
(17, 3)
(7, 88)
(88, 7)
(8, 63)
(63, 8)
(9, 40)
(40, 9)
(11, 87)
(87, 11)
(12, 25)
(25, 12)
(12, 84)
(84, 12)
(13, 58)
(58, 13)
(19, 70)
(70, 19)
(20, 47)
(47, 20)
(20, 49)
(49, 20)
(20, 76)
(76, 20)
(21, 34)
(34, 21)
(23, 31)
(31, 23);

set EL[36] :=
(75, 93)
(93, 75)
(71, 23)
(23, 71)
(71, 97)
(97, 71)
(84, 96)
(96, 84)
(13, 68)
(68, 13)
(1, 24)
(24, 1)
(2, 94)
(94, 2)
(3, 29)
(29, 3)
(6, 60)
(60, 6)
(6, 71)
(71, 6)
(8, 53)
(53, 8)
(9, 80)
(80, 9)
(10, 76)
(76, 10)
(12, 48)
(48, 12)
(12, 94)
(94, 12)
(13, 89)
(89, 13)
(13, 91)
(91, 13)
(14, 58)
(58, 14)
(15, 22)
(22, 15)
(18, 74)
(74, 18)
(19, 45)
(45, 19)
(20, 67)
(67, 20)
(21, 39)
(39, 21)
(21, 100)
(100, 21)
(22, 32)
(32, 22)
(22, 73)
(73, 22)
(23, 34)
(34, 23)
(23, 69)
(69, 23);

set EL[37] :=
(62, 7)
(7, 62)
(54, 66)
(66, 54)
(18, 24)
(24, 18)
(1, 14)
(14, 1)
(1, 22)
(22, 1)
(1, 90)
(90, 1)
(7, 32)
(32, 7)
(9, 33)
(33, 9)
(9, 48)
(48, 9)
(9, 97)
(97, 9)
(10, 18)
(18, 10)
(10, 74)
(74, 10)
(12, 15)
(15, 12)
(12, 34)
(34, 12)
(12, 76)
(76, 12)
(14, 59)
(59, 14)
(15, 75)
(75, 15)
(17, 91)
(91, 17)
(18, 51)
(51, 18)
(19, 23)
(23, 19)
(20, 34)
(34, 20)
(22, 70)
(70, 22)
(22, 77)
(77, 22)
(23, 39)
(39, 23);

set EL[38] :=
(65, 70)
(70, 65)
(63, 100)
(100, 63)
(87, 44)
(44, 87)
(2, 68)
(68, 2)
(3, 36)
(36, 3)
(5, 79)
(79, 5)
(6, 69)
(69, 6)
(6, 99)
(99, 6)
(7, 24)
(24, 7)
(11, 23)
(23, 11)
(11, 55)
(55, 11)
(12, 59)
(59, 12)
(12, 95)
(95, 12)
(12, 98)
(98, 12)
(13, 45)
(45, 13)
(15, 69)
(69, 15)
(16, 34)
(34, 16)
(17, 20)
(20, 17)
(17, 85)
(85, 17)
(19, 76)
(76, 19)
(23, 29)
(29, 23)
(23, 52)
(52, 23);

set EL[39] :=
(10, 39)
(39, 10)
(1, 41)
(41, 1)
(2, 31)
(31, 2)
(2, 63)
(63, 2)
(2, 76)
(76, 2)
(3, 30)
(30, 3)
(4, 72)
(72, 4)
(8, 23)
(23, 8)
(8, 40)
(40, 8)
(12, 99)
(99, 12)
(14, 24)
(24, 14)
(14, 72)
(72, 14)
(19, 62)
(62, 19)
(19, 91)
(91, 19)
(20, 58)
(58, 20)
(21, 80)
(80, 21);

set EL[40] :=
(94, 73)
(73, 94)
(3, 5)
(5, 3)
(3, 14)
(14, 3)
(4, 5)
(5, 4)
(4, 29)
(29, 4)
(4, 61)
(61, 4)
(5, 14)
(14, 5)
(7, 94)
(94, 7)
(11, 81)
(81, 11)
(12, 17)
(17, 12)
(13, 60)
(60, 13)
(15, 24)
(24, 15)
(18, 99)
(99, 18)
(20, 29)
(29, 20)
(21, 52)
(52, 21)
(22, 23)
(23, 22);

set EL[41] :=
(66, 86)
(86, 66)
(90, 19)
(19, 90)
(2, 19)
(19, 2)
(2, 64)
(64, 2)
(2, 97)
(97, 2)
(4, 34)
(34, 4)
(7, 28)
(28, 7)
(7, 50)
(50, 7)
(7, 75)
(75, 7)
(10, 87)
(87, 10)
(11, 78)
(78, 11)
(13, 55)
(55, 13)
(13, 78)
(78, 13)
(14, 25)
(25, 14)
(14, 50)
(50, 14)
(16, 93)
(93, 16)
(19, 47)
(47, 19);

set EL[42] :=
(5, 54)
(54, 5)
(90, 37)
(37, 90)
(39, 55)
(55, 39)
(1, 33)
(33, 1)
(4, 88)
(88, 4)
(5, 46)
(46, 5)
(5, 63)
(63, 5)
(5, 69)
(69, 5)
(5, 82)
(82, 5)
(6, 14)
(14, 6)
(6, 82)
(82, 6)
(8, 70)
(70, 8)
(9, 56)
(56, 9)
(10, 81)
(81, 10)
(11, 36)
(36, 11)
(12, 81)
(81, 12)
(13, 80)
(80, 13)
(15, 57)
(57, 15)
(16, 62)
(62, 16)
(20, 21)
(21, 20)
(21, 73)
(73, 21)
(23, 51)
(51, 23);

set EL[43] :=
(36, 89)
(89, 36)
(3, 76)
(76, 3)
(4, 32)
(32, 4)
(4, 45)
(45, 4)
(7, 10)
(10, 7)
(9, 68)
(68, 9)
(10, 25)
(25, 10)
(10, 62)
(62, 10)
(16, 36)
(36, 16)
(18, 57)
(57, 18)
(20, 27)
(27, 20)
(23, 63)
(63, 23);

set EL[44] :=
(8, 69)
(69, 8)
(76, 25)
(25, 76)
(2, 3)
(3, 2)
(2, 29)
(29, 2)
(2, 59)
(59, 2)
(2, 99)
(99, 2)
(4, 69)
(69, 4)
(4, 70)
(70, 4)
(5, 6)
(6, 5)
(5, 99)
(99, 5)
(9, 84)
(84, 9)
(15, 45)
(45, 15)
(16, 100)
(100, 16)
(17, 21)
(21, 17)
(20, 24)
(24, 20)
(21, 42)
(42, 21)
(21, 45)
(45, 21)
(21, 81)
(81, 21)
(21, 86)
(86, 21)
(22, 88)
(88, 22);

set EL[45] :=
(67, 34)
(34, 67)
(1, 11)
(11, 1)
(2, 42)
(42, 2)
(2, 55)
(55, 2)
(3, 45)
(45, 3)
(4, 52)
(52, 4)
(4, 58)
(58, 4)
(4, 85)
(85, 4)
(8, 74)
(74, 8)
(8, 79)
(79, 8)
(9, 95)
(95, 9)
(11, 94)
(94, 11)
(11, 98)
(98, 11)
(14, 88)
(88, 14)
(16, 74)
(74, 16)
(17, 45)
(45, 17)
(17, 52)
(52, 17)
(20, 25)
(25, 20)
(20, 51)
(51, 20);

set EL[46] :=
(36, 73)
(73, 36)
(6, 40)
(40, 6)
(59, 69)
(69, 59)
(14, 73)
(73, 14)
(1, 16)
(16, 1)
(2, 70)
(70, 2)
(3, 73)
(73, 3)
(7, 68)
(68, 7)
(9, 35)
(35, 9)
(9, 45)
(45, 9)
(10, 78)
(78, 10)
(10, 90)
(90, 10)
(13, 41)
(41, 13)
(14, 49)
(49, 14)
(15, 64)
(64, 15)
(17, 100)
(100, 17)
(18, 28)
(28, 18)
(19, 89)
(89, 19)
(20, 86)
(86, 20)
(21, 85)
(85, 21)
(22, 27)
(27, 22);

set EL[47] :=
(21, 6)
(6, 21)
(1, 69)
(69, 1)
(4, 17)
(17, 4)
(5, 33)
(33, 5)
(5, 41)
(41, 5)
(5, 77)
(77, 5)
(5, 87)
(87, 5)
(6, 62)
(62, 6)
(6, 87)
(87, 6)
(9, 15)
(15, 9)
(12, 88)
(88, 12)
(14, 91)
(91, 14)
(15, 20)
(20, 15)
(15, 63)
(63, 15);

set EL[48] :=
(16, 37)
(37, 16)
(67, 81)
(81, 67)
(71, 82)
(82, 71)
(6, 88)
(88, 6)
(8, 24)
(24, 8)
(8, 93)
(93, 8)
(9, 72)
(72, 9)
(11, 66)
(66, 11)
(13, 95)
(95, 13)
(16, 57)
(57, 16)
(17, 62)
(62, 17)
(17, 76)
(76, 17)
(19, 32)
(32, 19)
(19, 51)
(51, 19)
(21, 87)
(87, 21)
(22, 78)
(78, 22);

set EL[49] :=
(99, 55)
(55, 99)
(20, 88)
(88, 20)
(4, 84)
(84, 4)
(1, 39)
(39, 1)
(4, 39)
(39, 4)
(7, 100)
(100, 7)
(10, 55)
(55, 10)
(10, 99)
(99, 10)
(11, 91)
(91, 11)
(12, 37)
(37, 12)
(12, 52)
(52, 12)
(12, 82)
(82, 12)
(13, 30)
(30, 13)
(13, 50)
(50, 13)
(13, 75)
(75, 13)
(16, 85)
(85, 16)
(19, 84)
(84, 19)
(22, 60)
(60, 22);

set EL[50] :=
(23, 83)
(83, 23)
(1, 82)
(82, 1)
(1, 86)
(86, 1)
(2, 96)
(96, 2)
(4, 75)
(75, 4)
(6, 58)
(58, 6)
(8, 57)
(57, 8)
(9, 25)
(25, 9)
(9, 92)
(92, 9)
(12, 33)
(33, 12)
(12, 50)
(50, 12)
(12, 77)
(77, 12)
(13, 26)
(26, 13)
(13, 63)
(63, 13)
(14, 35)
(35, 14)
(14, 83)
(83, 14)
(15, 81)
(81, 15)
(15, 98)
(98, 15)
(16, 50)
(50, 16)
(16, 51)
(51, 16)
(18, 33)
(33, 18)
(19, 57)
(57, 19)
(20, 74)
(74, 20)
(23, 57)
(57, 23);

param sizeV := 100;

param sizeEL := 
1 42
2 34
3 40
4 48
5 36
6 40
7 36
8 54
9 50
10 28
11 48
12 48
13 48
14 26
15 44
16 36
17 44
18 42
19 36
20 32
21 38
22 50
23 36
24 34
25 56
26 34
27 32
28 38
29 58
30 44
31 30
32 32
33 36
34 38
35 34
36 56
37 48
38 44
39 32
40 32
41 34
42 44
43 24
44 40
45 38
46 42
47 28
48 32
49 36
50 48;

end;