100 990 25

66 57 2
74 53 17
68 86 10
23 7 6
33 47 16
28 81 4
8 31 4
51 39 4
3 48 25
90 75 21
1 60 13
67 18 18
37 53 4
11 35 25
97 71 13
78 94 5
24 40 10
55 100 1
17 57 1
12 76 18
85 13 10
2 76 25
44 10 16
8 43 8
5 36 4
53 14 13
46 49 12
4 21 13
70 88 17
45 54 1
26 45 20
67 86 10
16 82 6
32 44 4
64 77 7
10 27 13
46 96 14
1 93 13
36 56 9
22 54 23
13 18 7
55 64 18
92 75 15
63 15 24
11 44 8
41 91 5
25 84 17
80 19 19
50 83 24
9 69 2
61 6 14
1 3 5
26 42 1
85 42 1
84 99 21
95 73 9
73 15 13
79 16 5
20 39 2
34 72 13
80 79 2
2 30 19
4 34 13
96 74 22
87 50 4
89 29 24
15 34 20
59 29 25
65 73 13
68 6 24
42 94 14
92 62 8
48 14 12
71 58 24
69 57 16
28 98 23
2 74 22
62 27 22
38 29 20
39 22 20
71 7 21
88 92 21
41 52 22
7 77 25
100 25 5
17 98 21
32 34 9
47 74 20
38 87 23
52 35 2
58 17 25
36 3 1
43 38 15
16 18 22
74 59 15
69 44 12
60 24 18
85 91 12
5 10 24
1 7 11
1 8 17
1 16 2
1 17 12
1 25 5
1 28 16
1 30 18
1 33 15
1 35 24
1 40 17
1 45 10
1 48 12
1 49 3
1 50 14
1 52 7
1 53 8
1 62 23
1 64 8
1 65 6
1 66 12
1 67 20
1 71 13
1 74 22
1 75 2
1 76 23
1 83 22
1 94 16
1 97 20
1 100 8
2 4 24
2 7 21
2 11 4
2 12 18
2 13 8
2 15 18
2 17 25
2 19 22
2 22 17
2 25 17
2 28 22
2 29 8
2 36 13
2 41 1
2 47 9
2 48 14
2 50 13
2 51 23
2 55 17
2 61 7
2 66 12
2 67 16
2 69 2
2 75 18
2 77 7
2 78 23
2 81 17
2 87 15
2 92 18
2 93 15
2 97 3
3 4 8
3 8 12
3 9 8
3 11 12
3 12 21
3 13 17
3 14 2
3 18 18
3 19 21
3 20 16
3 23 25
3 24 7
3 25 18
3 37 2
3 41 4
3 42 18
3 45 24
3 46 3
3 47 21
3 53 4
3 59 9
3 60 13
3 68 19
3 69 23
3 71 1
3 73 1
3 75 3
3 76 2
3 80 12
3 81 21
3 85 22
3 87 19
3 89 17
3 96 14
4 5 23
4 6 10
4 7 21
4 19 23
4 22 4
4 26 7
4 31 4
4 32 11
4 35 4
4 39 9
4 40 21
4 41 23
4 43 22
4 44 12
4 46 10
4 48 22
4 51 10
4 52 23
4 54 5
4 57 10
4 59 23
4 63 6
4 65 6
4 66 21
4 68 24
4 72 15
4 74 23
4 79 18
4 80 2
4 85 13
4 88 10
4 91 21
4 94 11
4 95 1
4 96 24
4 100 23
5 7 3
5 13 5
5 14 9
5 16 10
5 21 20
5 22 12
5 30 22
5 32 10
5 33 15
5 37 23
5 46 15
5 47 10
5 48 5
5 55 20
5 57 9
5 58 5
5 59 14
5 60 17
5 62 15
5 69 21
5 72 5
5 74 6
5 77 13
5 82 9
5 88 11
5 92 10
5 94 25
6 7 21
6 9 21
6 16 5
6 20 1
6 21 15
6 23 15
6 25 15
6 26 3
6 29 12
6 30 4
6 32 16
6 38 12
6 39 12
6 44 2
6 48 20
6 54 20
6 55 9
6 57 15
6 60 9
6 62 25
6 63 9
6 65 24
6 67 7
6 70 1
6 71 10
6 73 24
6 74 11
6 76 24
6 81 2
6 88 15
6 91 10
6 93 25
6 95 10
6 97 18
7 10 20
7 16 21
7 17 7
7 18 24
7 19 23
7 20 7
7 31 10
7 33 19
7 34 5
7 35 20
7 41 3
7 42 17
7 43 10
7 44 18
7 45 11
7 47 12
7 48 3
7 54 21
7 62 22
7 65 25
7 66 14
7 68 4
7 70 7
7 72 18
7 78 24
7 80 7
7 81 16
7 89 17
7 92 14
7 95 2
7 99 6
7 100 17
8 10 13
8 12 22
8 13 17
8 17 15
8 21 13
8 23 20
8 26 8
8 29 21
8 30 2
8 38 6
8 39 3
8 44 11
8 50 23
8 51 7
8 54 17
8 56 12
8 59 16
8 60 23
8 63 16
8 65 24
8 67 2
8 69 4
8 74 24
8 75 5
8 76 1
8 77 16
8 81 15
8 82 11
8 84 23
8 85 5
8 91 18
8 92 19
8 99 2
9 10 13
9 13 8
9 14 8
9 19 1
9 23 1
9 24 18
9 25 20
9 26 9
9 31 4
9 33 18
9 36 18
9 40 21
9 41 8
9 43 19
9 45 2
9 47 23
9 51 19
9 56 6
9 59 18
9 62 19
9 64 1
9 65 7
9 66 2
9 67 20
9 72 25
9 74 24
9 79 15
9 80 4
9 81 23
9 86 11
9 89 21
9 90 10
9 91 1
9 98 21
9 99 3
10 15 17
10 16 18
10 17 20
10 19 14
10 20 21
10 24 10
10 25 14
10 32 17
10 33 12
10 37 16
10 39 17
10 40 15
10 41 2
10 42 7
10 52 17
10 55 16
10 56 7
10 58 25
10 68 6
10 71 10
10 73 9
10 76 12
10 80 8
10 82 10
10 87 8
10 88 9
10 89 22
10 90 25
10 91 10
10 92 13
10 95 9
10 96 7
11 14 11
11 15 11
11 16 1
11 17 5
11 19 2
11 27 9
11 28 10
11 30 5
11 31 22
11 32 5
11 33 15
11 38 15
11 40 11
11 46 1
11 55 17
11 57 22
11 62 5
11 68 2
11 69 9
11 70 23
11 75 22
11 76 22
11 80 8
11 81 22
11 82 14
11 86 21
11 89 14
11 96 20
11 97 16
12 15 16
12 17 10
12 20 7
12 29 15
12 30 24
12 34 3
12 35 3
12 40 1
12 41 14
12 45 24
12 46 2
12 53 23
12 54 17
12 55 4
12 59 3
12 63 25
12 68 25
12 72 23
12 73 19
12 74 19
12 75 13
12 77 7
12 82 16
12 83 3
12 86 19
12 89 20
12 93 6
12 97 25
12 99 7
13 16 4
13 21 21
13 26 13
13 28 9
13 30 8
13 31 14
13 33 11
13 34 11
13 41 4
13 44 15
13 45 9
13 48 20
13 49 1
13 51 16
13 55 15
13 56 11
13 57 9
13 67 20
13 68 9
13 73 12
13 79 10
13 82 5
13 84 7
13 89 17
13 90 25
13 91 19
13 94 12
13 97 11
13 99 18
14 15 24
14 16 9
14 24 12
14 29 1
14 30 17
14 33 4
14 35 25
14 36 3
14 38 2
14 40 3
14 41 1
14 42 24
14 43 14
14 47 1
14 50 1
14 51 25
14 56 19
14 57 8
14 58 24
14 59 13
14 61 15
14 63 10
14 64 4
14 65 14
14 67 5
14 69 6
14 71 23
14 75 15
14 78 1
14 83 9
14 84 19
14 88 15
14 89 23
14 90 3
14 93 9
14 97 18
14 98 6
14 99 1
14 100 8
15 17 13
15 26 20
15 27 8
15 28 24
15 29 2
15 31 20
15 32 14
15 36 10
15 38 14
15 40 21
15 43 24
15 45 18
15 47 20
15 48 25
15 51 14
15 53 6
15 56 1
15 61 8
15 62 19
15 65 4
15 66 18
15 69 18
15 81 3
15 82 10
15 85 2
15 86 5
15 87 18
15 91 24
15 93 13
15 95 10
15 98 21
15 99 13
16 22 20
16 24 19
16 27 9
16 28 2
16 30 16
16 36 19
16 37 1
16 39 18
16 45 20
16 47 3
16 51 11
16 52 10
16 53 20
16 55 10
16 56 15
16 61 20
16 63 23
16 65 16
16 69 8
16 71 1
16 73 20
16 74 11
16 75 4
16 76 21
16 80 6
16 84 3
16 85 13
16 86 2
16 90 17
16 94 15
16 99 12
17 18 8
17 23 6
17 24 6
17 27 21
17 40 18
17 42 24
17 44 23
17 50 19
17 51 8
17 54 8
17 59 3
17 62 22
17 67 24
17 72 16
17 76 7
17 81 3
17 85 10
17 87 23
17 89 11
17 91 15
17 95 2
17 99 17
18 20 25
18 22 18
18 24 8
18 26 6
18 27 8
18 33 17
18 34 5
18 38 17
18 41 6
18 45 22
18 52 9
18 53 10
18 54 15
18 57 9
18 58 9
18 61 12
18 64 21
18 69 8
18 73 21
18 74 23
18 75 14
18 76 5
18 77 23
18 80 23
18 81 23
18 83 24
18 86 25
18 87 10
18 93 3
18 94 6
18 99 17
18 100 23
19 20 20
19 21 11
19 22 21
19 25 20
19 29 6
19 34 21
19 36 18
19 39 1
19 46 6
19 48 12
19 50 3
19 60 17
19 61 21
19 62 24
19 68 21
19 70 12
19 73 12
19 75 11
19 76 25
19 77 19
19 83 22
19 85 7
19 87 5
19 89 13
19 92 9
19 93 2
19 94 9
19 100 7
20 24 18
20 28 9
20 29 16
20 30 18
20 45 10
20 46 22
20 47 5
20 54 19
20 55 8
20 58 19
20 64 15
20 70 17
20 71 8
20 74 10
20 76 24
20 78 9
20 83 18
20 85 2
20 94 7
20 95 14
20 96 3
21 22 8
21 23 16
21 25 1
21 28 13
21 29 11
21 30 12
21 32 10
21 38 5
21 39 3
21 40 15
21 42 19
21 47 17
21 52 13
21 54 1
21 58 12
21 59 23
21 60 22
21 61 9
21 68 6
21 69 23
21 71 20
21 72 6
21 73 16
21 74 14
21 75 12
21 76 24
21 80 20
21 86 5
21 87 23
21 88 21
21 89 9
21 92 17
21 94 17
21 95 10
21 100 17
22 23 18
22 27 19
22 28 19
22 29 6
22 33 6
22 37 6
22 43 5
22 44 24
22 47 17
22 49 23
22 55 12
22 58 16
22 59 22
22 66 7
22 73 6
22 80 18
22 87 9
22 91 16
22 93 17
22 98 7
22 100 3
23 24 3
23 26 6
23 27 4
23 31 19
23 32 24
23 35 22
23 39 17
23 41 11
23 42 6
23 44 22
23 45 13
23 50 9
23 52 20
23 53 6
23 55 3
23 60 16
23 62 9
23 63 10
23 64 24
23 70 5
23 73 22
23 75 14
23 76 14
23 77 8
23 78 8
23 81 21
23 84 19
23 85 25
23 88 20
23 89 13
23 99 10
24 27 11
24 28 10
24 30 14
24 32 17
24 39 5
24 46 6
24 47 16
24 55 11
24 57 22
24 58 6
24 61 5
24 65 10
24 67 24
24 70 13
24 72 5
24 75 20
24 79 11
24 81 12
24 82 16
24 83 6
24 84 10
24 86 2
24 90 2
24 91 24
24 97 1
24 99 24
24 100 2
25 31 21
25 33 9
25 42 25
25 46 3
25 53 3
25 57 12
25 59 25
25 63 24
25 65 24
25 66 19
25 68 20
25 71 18
25 72 25
25 73 17
25 77 15
25 79 3
25 80 2
25 81 17
25 85 12
25 87 21
25 88 7
25 92 5
25 93 25
25 95 24
26 27 21
26 28 20
26 31 18
26 33 4
26 34 4
26 37 19
26 41 5
26 44 25
26 48 18
26 51 19
26 54 22
26 58 8
26 59 10
26 60 9
26 62 17
26 67 9
26 71 10
26 73 4
26 74 18
26 78 17
26 79 18
26 82 18
26 84 17
26 88 17
26 89 25
26 91 19
26 93 1
26 94 11
26 97 10
26 99 21
26 100 18
27 32 19
27 37 4
27 39 1
27 43 21
27 44 12
27 46 5
27 47 10
27 50 23
27 52 25
27 53 11
27 57 14
27 58 13
27 60 3
27 61 20
27 63 2
27 65 21
27 67 2
27 68 10
27 77 24
27 78 22
27 79 9
27 80 17
27 81 6
27 82 2
27 84 15
27 85 6
27 91 20
27 92 14
27 95 12
27 97 9
27 99 12
28 30 20
28 34 11
28 37 13
28 39 18
28 42 12
28 45 4
28 46 6
28 47 3
28 50 10
28 51 2
28 52 8
28 53 14
28 56 15
28 57 15
28 59 23
28 61 21
28 62 21
28 63 14
28 65 21
28 66 16
28 67 1
28 70 9
28 73 8
28 75 6
28 78 9
28 80 1
28 82 2
28 87 9
28 90 4
28 92 19
28 93 15
28 94 3
28 95 9
28 96 13
28 100 18
29 30 13
29 40 15
29 42 9
29 50 3
29 51 5
29 53 12
29 57 24
29 58 10
29 61 1
29 62 13
29 63 2
29 67 15
29 74 14
29 75 21
29 77 11
29 93 5
29 96 15
29 97 17
30 32 6
30 36 19
30 37 3
30 39 14
30 40 17
30 41 13
30 45 19
30 46 10
30 47 23
30 48 16
30 51 12
30 54 25
30 57 3
30 60 19
30 61 3
30 62 6
30 64 16
30 68 19
30 69 22
30 70 2
30 74 10
30 76 14
30 77 4
