set V := 93
44
56
16
9
58
24
27
52
29
13
43
66
77
100
4
80
63
7
6
69
40
78
45
84
81
34
21
73
46
99
49
38
67
1
76
90
39
74
48
61
72
12
2
22
68
8
41
89
82
75
37
85
94
62
70
91
64
88
15
60
17
96
51
86
83
30
32
42
26
65
3
95
5
50
23
18
57
53
79
14
87
35
36
98
54
28
59
31
19
55
47
20
11
97
25
92
33
10
71;

set E:= 
(31, 8)
(26, 23)
(4, 43)
(25, 6)
(80, 28)
(12, 8)
(56, 14)
(25, 1)
(19, 77)
(8, 29)
(94, 20)
(23, 35)
(57, 17)
(28, 52)
(26, 6)
(84, 25)
(76, 12)
(2, 93)
(6, 93)
(83, 1)
(29, 12)
(2, 19)
(19, 93)
(67, 29)
(22, 27)
(21, 30)
(73, 13)
(15, 31)
(47, 20)
(69, 11)
(40, 24)
(5, 21)
(92, 28)
(25, 73)
(89, 11)
(6, 55)
(24, 9)
(60, 24)
(93, 1)
(50, 8)
(39, 16)
(9, 47)
(25, 93)
(2, 47)
(27, 91)
(9, 74)
(76, 11)
(2, 51)
(24, 100)
(23, 88)
(15, 62)
(55, 100)
(10, 8)
(40, 1)
(4, 46)
(74, 47)
(4, 35)
(28, 81)
(11, 33)
(82, 16)
(16, 53)
(9, 59)
(8, 75)
(100, 1)
(87, 2)
(50, 14)
(16, 30)
(14, 11)
(19, 3)
(37, 3)
(75, 14)
(29, 67)
(16, 36)
(81, 9)
(94, 18)
(11, 30)
(91, 15)
(64, 1)
(45, 28)
(43, 7)
(68, 27)
(60, 1)
(19, 50)
(24, 57)
(24, 40)
(53, 14)
(94, 5)
(24, 83)
(66, 25)
(88, 25)
(16, 61)
(10, 32)
(7, 100)
(29, 22)
(27, 79)
(19, 39)
(82, 24)
(59, 25)
(19, 85)
(10, 73)
(62, 17)
(40, 21)
(80, 4)
(7, 41)
(61, 16)
(53, 25)
(22, 58)
(28, 100)
(54, 4)
(33, 22)
(82, 13)
(4, 72)
(70, 88)
(57, 28)
(69, 16)
(13, 34)
(88, 10)
(21, 25)
(42, 21)
(12, 20)
(94, 28)
(21, 75)
(5, 60)
(15, 91)
(23, 62)
(44, 6)
(13, 99)
(1, 52)
(46, 24)
(16, 75)
(70, 23)
(21, 40)
(6, 48)
(50, 27)
(61, 14)
(7, 78)
(80, 18)
(5, 14)
(100, 21)
(8, 31)
(73, 25)
(67, 27)
(55, 64)
(21, 87)
(57, 24)
(24, 3)
(17, 27)
(89, 10)
(69, 21)
(64, 14)
(18, 52)
(75, 90)
(30, 51)
(27, 16)
(60, 3)
(69, 2)
(21, 100)
(25, 95)
(93, 15)
(79, 13)
(42, 85)
(64, 9)
(76, 1)
(5, 57)
(38, 11)
(24, 27)
(99, 14)
(28, 50)
(5, 16)
(1, 67)
(21, 59)
(59, 9)
(89, 29)
(74, 5)
(12, 55)
(10, 7)
(2, 81)
(7, 72)
(41, 23)
(25, 77)
(53, 18)
(17, 18)
(23, 8)
(63, 25)
(50, 2)
(81, 27)
(78, 27)
(29, 30)
(25, 19)
(2, 4)
(16, 24)
(45, 13)
(86, 9)
(82, 12)
(44, 13)
(23, 53)
(67, 9)
(18, 74)
(58, 24)
(25, 88)
(14, 100)
(70, 24)
(28, 98)
(73, 26)
(28, 87)
(36, 5)
(82, 11)
(47, 3)
(15, 56)
(39, 22)
(58, 71)
(29, 61)
(8, 59)
(72, 17)
(80, 27)
(27, 80)
(27, 85)
(17, 23)
(7, 71)
(9, 3)
(17, 44)
(33, 18)
(32, 27)
(28, 59)
(23, 9)
(28, 73)
(31, 13)
(14, 3)
(7, 4)
(10, 24)
(41, 10)
(34, 19)
(91, 27)
(32, 23)
(6, 39)
(9, 19)
(5, 82)
(41, 9)
(46, 96)
(4, 21)
(1, 64)
(18, 69)
(11, 38)
(12, 41)
(23, 27)
(30, 69)
(15, 10)
(73, 3)
(72, 12)
(94, 19)
(9, 62)
(18, 7)
(2, 76)
(79, 26)
(51, 9)
(17, 67)
(9, 79)
(27, 60)
(53, 3)
(14, 98)
(23, 85)
(73, 19)
(99, 26)
(14, 75)
(17, 87)
(4, 54)
(5, 46)
(98, 22)
(2, 55)
(6, 9)
(52, 16)
(3, 36)
(28, 16)
(1, 33)
(44, 11)
(57, 29)
(35, 23)
(23, 32)
(19, 7)
(79, 25)
(94, 4)
(76, 18)
(22, 49)
(64, 77)
(21, 19)
(7, 48)
(68, 7)
(10, 68)
(62, 6)
(52, 10)
(71, 26)
(14, 93)
(13, 73)
(48, 13)
(31, 7)
(15, 43)
(7, 95)
(70, 19)
(25, 80)
(6, 32)
(25, 42)
(27, 78)
(42, 3)
(16, 13)
(97, 26)
(11, 89)
(32, 44)
(84, 23)
(39, 19)
(15, 87)
(31, 4)
(2, 75)
(21, 38)
(100, 25)
(66, 1)
(9, 14)
(3, 69)
(38, 8)
(76, 16)
(91, 4)
(6, 74)
(10, 89)
(78, 26)
(3, 45)
(86, 12)
(17, 40)
(100, 18)
(78, 14)
(23, 3)
(26, 48)
(60, 8)
(97, 13)
(28, 80)
(8, 39)
(73, 6)
(51, 4)
(59, 29)
(34, 13)
(62, 15)
(8, 77)
(10, 55)
(29, 40)
(19, 10)
(87, 19)
(77, 8)
(21, 22)
(66, 22)
(47, 28)
(19, 21)
(46, 49)
(68, 11)
(19, 70)
(49, 46)
(38, 14)
(7, 81)
(3, 47)
(31, 11)
(29, 75)
(16, 71)
(22, 28)
(16, 99)
(100, 4)
(28, 26)
(16, 52)
(29, 58)
(92, 62)
(14, 38)
(7, 62)
(4, 19)
(17, 91)
(14, 51)
(11, 86)
(77, 5)
(5, 58)
(67, 1)
(47, 74)
(66, 4)
(19, 87)
(13, 26)
(37, 53)
(21, 32)
(58, 18)
(27, 10)
(13, 45)
(13, 16)
(61, 21)
(53, 28)
(19, 9)
(18, 61)
(99, 12)
(93, 22)
(37, 22)
(51, 2)
(9, 24)
(67, 2)
(11, 17)
(16, 22)
(4, 6)
(62, 5)
(29, 93)
(11, 32)
(18, 38)
(92, 5)
(5, 47)
(20, 94)
(7, 18)
(26, 91)
(25, 72)
(12, 45)
(30, 6)
(59, 17)
(60, 27)
(44, 26)
(36, 16)
(66, 2)
(29, 6)
(30, 47)
(1, 49)
(100, 28)
(18, 16)
(54, 45)
(28, 90)
(31, 23)
(6, 88)
(90, 16)
(19, 80)
(40, 30)
(70, 6)
(26, 97)
(29, 38)
(83, 24)
(10, 95)
(12, 76)
(54, 12)
(93, 12)
(10, 17)
(50, 19)
(28, 13)
(59, 26)
(6, 63)
(4, 94)
(7, 68)
(88, 14)
(41, 26)
(80, 16)
(3, 13)
(10, 91)
(26, 34)
(51, 26)
(72, 21)
(42, 29)
(9, 89)
(2, 29)
(24, 99)
(95, 28)
(27, 50)
(34, 72)
(29, 50)
(8, 13)
(89, 3)
(21, 71)
(54, 21)
(18, 13)
(40, 10)
(6, 68)
(20, 54)
(11, 14)
(27, 68)
(48, 1)
(33, 9)
(73, 10)
(43, 14)
(26, 79)
(30, 68)
(26, 60)
(36, 30)
(76, 8)
(71, 7)
(6, 26)
(79, 4)
(56, 15)
(3, 60)
(57, 5)
(23, 81)
(63, 16)
(8, 51)
(1, 45)
(28, 82)
(45, 16)
(61, 15)
(27, 97)
(40, 4)
(92, 25)
(73, 23)
(15, 36)
(4, 26)
(14, 36)
(18, 41)
(27, 18)
(3, 12)
(28, 53)
(26, 44)
(28, 62)
(13, 97)
(23, 75)
(19, 61)
(60, 6)
(54, 6)
(24, 16)
(39, 28)
(87, 17)
(33, 10)
(6, 61)
(95, 73)
(20, 58)
(88, 21)
(4, 80)
(74, 30)
(86, 18)
(45, 9)
(8, 74)
(18, 81)
(26, 27)
(95, 7)
(78, 2)
(30, 39)
(93, 14)
(18, 22)
(77, 25)
(19, 83)
(11, 57)
(53, 27)
(14, 83)
(32, 15)
(9, 51)
(92, 2)
(38, 15)
(66, 9)
(6, 73)
(12, 74)
(16, 7)
(58, 26)
(25, 10)
(87, 18)
(18, 3)
(74, 12)
(7, 80)
(95, 27)
(99, 84)
(3, 87)
(10, 33)
(18, 17)
(14, 67)
(3, 8)
(99, 15)
(28, 34)
(61, 30)
(9, 99)
(10, 52)
(75, 11)
(85, 91)
(18, 75)
(8, 1)
(16, 69)
(1, 74)
(75, 23)
(57, 66)
(3, 48)
(46, 27)
(8, 10)
(93, 26)
(29, 59)
(100, 7)
(20, 46)
(17, 54)
(14, 48)
(18, 73)
(48, 4)
(5, 33)
(69, 30)
(7, 5)
(7, 10)
(3, 76)
(24, 72)
(89, 12)
(43, 15)
(8, 99)
(62, 26)
(11, 76)
(51, 39)
(99, 13)
(54, 18)
(3, 25)
(69, 14)
(27, 52)
(81, 6)
(3, 42)
(32, 21)
(8, 44)
(97, 27)
(29, 15)
(16, 37)
(42, 10)
(15, 45)
(93, 18)
(5, 32)
(4, 95)
(26, 58)
(45, 12)
(27, 23)
(61, 24)
(9, 41)
(13, 51)
(50, 23)
(30, 48)
(28, 96)
(14, 30)
(75, 19)
(85, 13)
(12, 89)
(65, 4)
(63, 4)
(6, 62)
(81, 28)
(2, 30)
(41, 91)
(62, 23)
(1, 16)
(47, 5)
(30, 37)
(7, 44)
(1, 60)
(23, 44)
(81, 24)
(28, 22)
(24, 79)
(19, 20)
(27, 17)
(17, 1)
(16, 11)
(3, 20)
(12, 3)
(4, 74)
(20, 95)
(28, 63)
(23, 73)
(4, 7)
(10, 39)
(9, 90)
(12, 86)
(86, 15)
(91, 17)
(8, 67)
(6, 38)
(10, 90)
(30, 62)
(89, 17)
(14, 90)
(97, 14)
(32, 24)
(16, 14)
(21, 4)
(10, 37)
(55, 5)
(5, 77)
(25, 21)
(20, 47)
(96, 4)
(15, 40)
(47, 14)
(14, 50)
(93, 29)
(27, 82)
(22, 54)
(22, 4)
(99, 23)
(18, 86)
(2, 7)
(15, 81)
(59, 4)
(26, 73)
(16, 94)
(23, 41)
(8, 30)
(73, 22)
(11, 81)
(17, 72)
(15, 29)
(26, 71)
(7, 20)
(6, 16)
(97, 11)
(3, 81)
(12, 17)
(18, 45)
(92, 27)
(74, 96)
(18, 76)
(50, 29)
(69, 8)
(7, 43)
(86, 24)
(82, 26)
(12, 35)
(13, 28)
(80, 9)
(30, 14)
(82, 27)
(15, 11)
(21, 29)
(68, 19)
(30, 41)
(39, 23)
(13, 49)
(81, 3)
(20, 29)
(100, 24)
(99, 16)
(17, 51)
(83, 18)
(5, 37)
(10, 56)
(8, 3)
(97, 6)
(17, 62)
(5, 30)
(33, 11)
(13, 21)
(50, 87)
(17, 11)
(17, 89)
(21, 68)
(74, 59)
(5, 94)
(14, 56)
(26, 8)
(30, 70)
(11, 15)
(25, 57)
(43, 22)
(67, 6)
(21, 39)
(1, 66)
(65, 16)
(14, 84)
(17, 76)
(70, 7)
(8, 23)
(16, 82)
(74, 8)
(46, 30)
(53, 23)
(44, 8)
(62, 28)
(21, 8)
(21, 69)
(20, 10)
(68, 3)
(25, 66)
(29, 20)
(87, 3)
(90, 28)
(5, 7)
(77, 64)
(65, 7)
(24, 58)
(8, 21)
(54, 8)
(52, 28)
(99, 8)
(25, 9)
(10, 41)
(48, 19)
(65, 28)
(64, 18)
(22, 55)
(13, 79)
(9, 69)
(34, 18)
(32, 6)
(84, 26)
(3, 1)
(67, 8)
(30, 74)
(16, 80)
(10, 44)
(67, 14)
(10, 27)
(85, 8)
(41, 13)
(97, 24)
(57, 30)
(94, 16)
(42, 7)
(23, 60)
(60, 30)
(40, 9)
(71, 6)
(26, 59)
(8, 91)
(26, 94)
(70, 28)
(3, 19)
(74, 4)
(17, 7)
(6, 30)
(75, 24)
(6, 70)
(36, 15)
(24, 30)
(27, 22)
(21, 61)
(63, 29)
(55, 23)
(69, 18)
(16, 65)
(30, 61)
(25, 79)
(39, 24)
(57, 4)
(30, 8)
(2, 74)
(41, 3)
(13, 89)
(28, 95)
(10, 15)
(7, 23)
(13, 9)
(96, 11)
(13, 31)
(28, 56)
(20, 7)
(30, 46)
(52, 35)
(41, 7)
(15, 14)
(15, 48)
(5, 13)
(69, 15)
(50, 17)
(13, 91)
(7, 35)
(13, 30)
(89, 21)
(76, 20)
(14, 5)
(10, 87)
(9, 43)
(18, 64)
(48, 3)
(80, 19)
(14, 29)
(28, 42)
(44, 10)
(12, 53)
(72, 5)
(9, 98)
(77, 29)
(65, 9)
(85, 17)
(10, 96)
(90, 13)
(32, 34)
(52, 1)
(15, 17)
(74, 2)
(4, 68)
(45, 15)
(25, 53)
(16, 18)
(79, 9)
(77, 7)
(96, 46)
(7, 16)
(30, 45)
(3, 37)
(59, 8)
(2, 17)
(47, 16)
(12, 40)
(64, 23)
(20, 83)
(69, 9)
(68, 86)
(39, 10)
(14, 61)
(14, 65)
(27, 32)
(87, 22)
(18, 26)
(28, 93)
(55, 12)
(85, 20)
(35, 11)
(15, 32)
(13, 68)
(82, 10)
(12, 83)
(60, 23)
(54, 7)
(27, 99)
(4, 3)
(16, 5)
(29, 77)
(51, 28)
(1, 62)
(28, 75)
(7, 65)
(58, 21)
(8, 92)
(26, 82)
(40, 14)
(14, 40)
(28, 46)
(15, 65)
(16, 76)
(5, 22)
(6, 95)
(19, 89)
(24, 67)
(84, 13)
(28, 65)
(58, 27)
(24, 90)
(12, 2)
(83, 12)
(27, 26)
(39, 8)
(13, 82)
(14, 89)
(29, 8)
(8, 60)
(37, 27)
(5, 55)
(65, 25)
(94, 13)
(8, 26)
(9, 6)
(72, 34)
(71, 1)
(65, 73)
(27, 44)
(14, 71)
(57, 6)
(40, 11)
(74, 20)
(11, 46)
(36, 19)
(21, 89)
(54, 26)
(55, 11)
(49, 22)
(27, 61)
(50, 83)
(12, 73)
(21, 73)
(13, 57)
(8, 17)
(100, 19)
(13, 2)
(27, 58)
(8, 84)
(14, 47)
(38, 43)
(53, 29)
(3, 59)
(74, 29)
(63, 28)
(46, 4)
(88, 6)
(22, 19)
(6, 21)
(14, 97)
(42, 26)
(70, 11)
(9, 31)
(16, 39)
(1, 3)
(9, 72)
(15, 73)
(27, 95)
(2, 78)
(88, 92)
(84, 99)
(74, 9)
(6, 54)
(65, 8)
(2, 69)
(8, 85)
(14, 41)
(51, 15)
(9, 65)
(12, 99)
(72, 4)
(71, 21)
(63, 6)
(75, 12)
(95, 15)
(27, 67)
(12, 77)
(22, 2)
(24, 18)
(38, 29)
(37, 28)
(3, 96)
(4, 91)
(26, 84)
(21, 54)
(80, 10)
(43, 38)
(21, 74)
(20, 6)
(75, 16)
(24, 32)
(9, 33)
(77, 23)
(30, 1)
(63, 27)
(15, 63)
(13, 85)
(25, 71)
(80, 79)
(62, 1)
(14, 9)
(25, 87)
(19, 25)
(21, 58)
(41, 4)
(2, 13)
(3, 53)
(1, 35)
(22, 91)
(40, 12)
(77, 2)
(64, 30)
(75, 2)
(65, 27)
(12, 75)
(20, 30)
(28, 11)
(62, 11)
(47, 21)
(36, 2)
(85, 4)
(3, 75)
(26, 88)
(8, 82)
(96, 28)
(75, 29)
(15, 66)
(3, 23)
(11, 27)
(80, 7)
(19, 92)
(5, 59)
(99, 7)
(26, 100)
(86, 16)
(26, 28)
(84, 16)
(3, 9)
(47, 22)
(11, 97)
(3, 89)
(77, 30)
(70, 20)
(58, 22)
(13, 44)
(73, 16)
(63, 8)
(99, 18)
(62, 9)
(26, 67)
(14, 35)
(40, 15)
(30, 57)
(41, 2)
(1, 40)
(26, 51)
(20, 24)
(22, 66)
(16, 73)
(38, 21)
(21, 86)
(71, 10)
(67, 13)
(92, 21)
(61, 28)
(16, 10)
(8, 38)
(7, 89)
(11, 35)
(33, 13)
(91, 8)
(4, 88)
(27, 63)
(2, 11)
(73, 12)
(19, 68)
(24, 75)
(30, 24)
(46, 12)
(44, 22)
(53, 74)
(28, 39)
(9, 40)
(24, 46)
(6, 81)
(73, 21)
(93, 19)
(21, 60)
(19, 100)
(56, 9)
(12, 34)
(33, 25)
(41, 14)
(29, 14)
(24, 82)
(16, 47)
(28, 70)
(11, 70)
(20, 71)
(57, 14)
(97, 1)
(92, 88)
(11, 16)
(2, 97)
(15, 28)
(15, 27)
(7, 19)
(18, 20)
(2, 41)
(6, 71)
(2, 77)
(19, 11)
(71, 20)
(60, 26)
(46, 5)
(4, 39)
(1, 93)
(27, 24)
(11, 68)
(25, 100)
(21, 5)
(77, 27)
(85, 3)
(52, 21)
(16, 51)
(24, 28)
(60, 21)
(14, 59)
(56, 13)
(41, 30)
(84, 8)
(75, 28)
(20, 39)
(22, 16)
(59, 12)
(98, 14)
(19, 2)
(82, 15)
(23, 26)
(5, 62)
(7, 6)
(34, 15)
(6, 57)
(35, 4)
(23, 24)
(55, 6)
(54, 22)
(63, 14)
(84, 27)
(94, 42)
(42, 94)
(51, 30)
(76, 30)
(22, 98)
(4, 65)
(57, 25)
(32, 4)
(17, 10)
(22, 100)
(85, 27)
(57, 13)
(13, 94)
(1, 71)
(25, 33)
(22, 18)
(78, 20)
(24, 17)
(44, 27)
(7, 54)
(1, 50)
(9, 80)
(65, 6)
(18, 77)
(48, 26)
(12, 93)
(2, 48)
(4, 52)
(21, 47)
(30, 40)
(10, 20)
(1, 75)
(1, 65)
(100, 55)
(13, 3)
(14, 88)
(17, 98)
(7, 42)
(54, 30)
(57, 11)
(59, 14)
(75, 92)
(7, 99)
(55, 20)
(1, 17)
(26, 42)
(26, 62)
(16, 90)
(12, 82)
(12, 72)
(4, 40)
(58, 29)
(4, 48)
(11, 75)
(21, 23)
(91, 22)
(27, 46)
(1, 7)
(11, 40)
(11, 82)
(21, 88)
(28, 92)
(46, 25)
(51, 16)
(26, 15)
(4, 59)
(69, 44)
(84, 24)
(3, 11)
(31, 15)
(9, 25)
(15, 34)
(45, 7)
(5, 10)
(14, 16)
(29, 96)
(85, 15)
(45, 54)
(98, 9)
(7, 45)
(21, 92)
(81, 17)
(19, 48)
(24, 61)
(76, 17)
(16, 45)
(35, 52)
(14, 57)
(62, 27)
(4, 22)
(56, 16)
(12, 15)
(18, 54)
(17, 57)
(22, 23)
(42, 14)
(6, 29)
(97, 29)
(71, 14)
(42, 28)
(62, 30)
(95, 25)
(65, 1)
(81, 7)
(6, 20)
(45, 20)
(62, 29)
(87, 50)
(5, 92)
(13, 55)
(60, 19)
(62, 92)
(80, 3)
(94, 26)
(3, 85)
(25, 59)
(26, 33)
(30, 29)
(8, 63)
(93, 2)
(26, 74)
(31, 9)
(30, 20)
(6, 76)
(6, 97)
(23, 42)
(18, 67)
(24, 84)
(54, 20)
(82, 5)
(71, 97)
(21, 94)
(9, 81)
(6, 91)
(81, 23)
(62, 19)
(28, 21)
(14, 15)
(70, 30)
(80, 22)
(33, 26)
(77, 19)
(85, 42)
(23, 55)
(30, 77)
(4, 41)
(12, 30)
(59, 22)
(11, 62)
(73, 65)
(15, 98)
(97, 12)
(15, 26)
(21, 95)
(1, 97)
(96, 74)
(43, 9)
(5, 4)
(16, 74)
(43, 4)
(21, 6)
(63, 23)
(48, 7)
(6, 23)
(1, 8)
(23, 84)
(89, 13)
(55, 2)
(6, 44)
(98, 17)
(9, 23)
(46, 3)
(4, 85)
(91, 41)
(9, 36)
(14, 53)
(8, 54)
(24, 10)
(23, 17)
(54, 17)
(87, 15)
(28, 2)
(15, 2)
(20, 18)
(12, 54)
(92, 75)
(9, 10)
(22, 37)
(97, 2)
(14, 42)
(91, 9)
(93, 28)
(33, 5)
(76, 21)
(19, 29)
(15, 47)
(37, 5)
(15, 38)
(11, 96)
(12, 97)
(11, 80)
(45, 30)
(7, 66)
(9, 67)
(26, 31)
(25, 81)
(75, 21)
(19, 62)
(42, 25)
(24, 60)
(53, 37)
(22, 73)
(81, 15)
(37, 30)
(6, 4)
(55, 16)
(28, 51)
(13, 48)
(5, 48)
(20, 28)
(14, 69)
(7, 34)
(64, 55)
(75, 1)
(11, 31)
(28, 1)
(78, 94)
(69, 3)
(74, 1)
(37, 26)
(7, 70)
(31, 25)
(52, 23)
(27, 11)
(25, 2)
(27, 84)
(88, 70)
(30, 12)
(90, 9)
(23, 63)
(17, 24)
(47, 15)
(17, 2)
(58, 17)
(71, 25)
(7, 17)
(19, 75)
(32, 5)
(9, 56)
(58, 10)
(10, 9)
(17, 95)
(56, 8)
(10, 42)
(51, 17)
(82, 28)
(3, 68)
(8, 76)
(53, 16)
(15, 86)
(26, 4)
(90, 10)
(3, 41)
(76, 3)
(4, 100)
(40, 17)
(2, 50)
(30, 32)
(16, 1)
(4, 5)
(26, 78)
(44, 7)
(90, 75)
(34, 32)
(28, 47)
(39, 20)
(24, 70)
(4, 51)
(76, 10)
(2, 92)
(44, 4)
(26, 99)
(67, 28)
(73, 15)
(68, 30)
(79, 24)
(92, 10)
(76, 19)
(11, 69)
(81, 2)
(4, 96)
(48, 15)
(67, 26)
(11, 19)
(25, 31)
(6, 60)
(1, 25)
(52, 18)
(19, 46)
(48, 2)
(33, 1)
(86, 68)
(38, 18)
(6, 25)
(94, 1)
(22, 43)
(57, 69)
(18, 58)
(23, 7)
(96, 20)
(4, 31)
(10, 19)
(71, 58)
(91, 6)
(29, 57)
(71, 16)
(3, 73)
(73, 95)
(19, 76)
(83, 19)
(3, 46)
(11, 55)
(15, 61)
(99, 27)
(68, 4)
(32, 30)
(47, 30)
(59, 5)
(3, 80)
(15, 53)
(2, 28)
(11, 28)
(67, 18)
(18, 24)
(8, 43)
(23, 99)
(87, 28)
(25, 85)
(18, 34)
(17, 59)
(48, 30)
(75, 3)
(15, 95)
(17, 50)
(5, 36)
(10, 88)
(95, 4)
(23, 31)
(89, 23)
(33, 47)
(69, 5)
(12, 59)
(7, 92)
(14, 63)
(48, 14)
(65, 24)
(96, 3)
(76, 23)
(80, 21)
(59, 74)
(96, 10)
(24, 20)
(94, 78)
(23, 21)
(37, 10)
(61, 19)
(34, 12)
(63, 15)
(66, 15)
(19, 22)
(6, 7)
(30, 11)
(26, 93)
(61, 2)
(75, 18)
(83, 50)
(31, 26)
(10, 71)
(18, 93)
(28, 67)
(26, 41)
(26, 54)
(35, 12)
(41, 12)
(27, 65)
(79, 80)
(27, 53)
(53, 12)
(23, 6)
(11, 2)
(1, 83)
(19, 60)
(66, 57)
(4, 2)
(44, 17)
(88, 26)
(72, 24)
(45, 23)
(3, 4)
(61, 29)
(37, 16)
(14, 58)
(68, 21)
(23, 52)
(55, 13)
(29, 53)
(68, 13)
(89, 9)
(71, 3)
(16, 79)
(34, 28)
(29, 97)
(51, 8)
(27, 92)
(87, 10)
(74, 6)
(16, 85)
(4, 57)
(20, 19)
(58, 14)
(48, 5)
(74, 16)
(74, 18)
(24, 91)
(24, 65)
(22, 47)
(16, 84)
(25, 63)
(9, 86)
(24, 39)
(25, 65)
(1, 28)
(33, 7)
(29, 42)
(23, 89)
(5, 88)
(47, 2)
(2, 36)
(20, 85)
(90, 14)
(80, 25)
(4, 32)
(57, 27)
(7, 47)
(9, 26)
(11, 3)
(28, 78)
(4, 63)
(18, 33)
(53, 1)
(25, 46)
(17, 58)
(8, 81)
(9, 66)
(13, 41)
(89, 19)
(41, 52)
(65, 15)
(6, 65)
(50, 28)
(48, 6)
(91, 24)
(8, 12)
(25, 3)
(93, 6)
(15, 93)
(29, 21)
(30, 21)
(28, 20)
(46, 11)
(85, 19)
(39, 27)
(91, 13)
(85, 16)
(29, 51)
(22, 59)
(67, 24)
(22, 44)
(92, 19)
(78, 7)
(26, 13)
(14, 43)
(21, 28)
(12, 63)
(20, 12)
(73, 18)
(39, 4)
(47, 9)
(59, 28)
(7, 77)
(79, 27)
(17, 42)
(22, 21)
(15, 51)
(21, 13)
(56, 10)
(68, 10)
(42, 17)
(39, 30)
(26, 45)
(86, 11)
(67, 86)
(42, 23)
(27, 37)
(21, 52)
(26, 37)
(45, 26)
(46, 28)
(6, 67)
(89, 26)
(61, 18)
(29, 19)
(13, 67)
(17, 99)
(23, 22)
(2, 25)
(33, 14)
(36, 56)
(2, 12)
(35, 14)
(12, 68)
(55, 22)
(16, 55)
(79, 16)
(95, 17)
(39, 21)
(56, 36)
(46, 20)
(30, 60)
(4, 79)
(23, 45)
(20, 70)
(9, 13)
(24, 81)
(52, 27)
(95, 20)
(29, 89)
(96, 29)
(22, 80)
(19, 36)
(91, 26)
(10, 58)
(28, 24)
(88, 5)
(8, 65)
(29, 62)
(78, 28)
(66, 7)
(58, 20)
(24, 86)
(30, 5)
(68, 6)
(18, 100)
(10, 92)
(89, 14)
(16, 56)
(86, 67)
(16, 63)
(32, 11)
(20, 96)
(50, 1)
(19, 73)
(4, 34)
(14, 33)
(68, 12)
(19, 4)
(35, 7)
(51, 14)
(87, 25)
(2, 66)
(85, 25)
(36, 9)
(45, 1)
(91, 10)
(10, 76)
(18, 57)
(30, 64)
(90, 24)
(74, 53)
(3, 71)
(55, 10)
(20, 3)
(28, 66)
(100, 26)
(2, 67)
(88, 23)
(16, 27)
(39, 51)
(73, 28)
(20, 76)
(27, 15)
(51, 29)
(1, 53)
(23, 76)
(27, 43)
(92, 7)
(28, 94)
(82, 8)
(100, 14)
(86, 21)
(30, 36)
(9, 45)
(25, 68)
(38, 87)
(3, 18)
(16, 6)
(1, 48)
(30, 76)
(75, 8)
(99, 24)
(30, 13)
(89, 7)
(81, 25)
(11, 44)
(2, 61)
(61, 6)
(2, 15)
(2, 87)
(21, 42)
(64, 20)
(14, 64)
(44, 23)
(24, 23)
(95, 10)
(9, 91)
(15, 82)
(28, 37)
(36, 14)
(22, 5)
(58, 5)
(60, 5)
(98, 15)
(1, 76)
(66, 28)
(30, 2)
(1, 100)
(27, 77)
(24, 55)
(34, 7)
(20, 74)
(3, 24)
(22, 29)
(46, 19)
(47, 27)
(62, 7)
(84, 14)
(21, 72)
(69, 57)
(8, 50)
(26, 9)
(76, 6)
(88, 4)
(43, 27)
(25, 84)
(38, 6)
(74, 21)
(12, 29)
(24, 47)
(19, 94)
(23, 64)
(16, 28)
(10, 40)
(65, 14)
(77, 12)
(20, 45)
(35, 1)
(10, 82)
(18, 83)
(15, 85)
(30, 28)
(8, 56)
(95, 21)
(19, 34)
(57, 18)
(5, 69)
(18, 99)
(59, 3)
(47, 33)
(8, 69)
(76, 2)
(99, 9)
(21, 80)
(13, 18)
(63, 12)
(1, 94)
(34, 4)
(17, 81)
(13, 84)
(28, 57)
(81, 18)
(98, 28)
(67, 17)
(99, 17)
(100, 22)
(17, 8)
(29, 63)
(45, 18)
(23, 78)
(29, 2)
(12, 46)
(20, 64)
(17, 85)
(28, 30)
(5, 74)
(28, 15)
(13, 33)
(23, 70)
(16, 86)
(7, 33)
(29, 74)
(95, 6)
(22, 39)
(47, 24)
(27, 39)
(85, 23)
(30, 54)
(27, 62)
(49, 13)
(81, 8)
(26, 18)
(23, 77)
(28, 61)
(10, 80)
(77, 18)
(52, 4)
(94, 21)
(83, 14)
(4, 66)
(78, 23)
(80, 11)
(18, 87)
(9, 64)
(92, 8)
(27, 47)
(47, 7)
(1, 30)
(87, 38)
(14, 99)
(14, 24)
(4, 44)
(81, 11)
(5, 72)
(51, 13)
(53, 15)
(22, 33)
(26, 89)
(15, 69)
(18, 53)
(18, 27)
(17, 12)
(23, 39)
(30, 16)
(25, 92)
(7, 1)
(13, 56)
(2, 22)
(97, 71)
(7, 31)
(10, 5)
(22, 93)
(55, 24)
(17, 15)
(39, 6)
(13, 90)
(20, 78)
(24, 14)
(72, 7)
(93, 25)
(59, 21)
(18, 94)
(40, 29)
(15, 12)
(36, 3)
(15, 99)
(61, 27)
(21, 76)
(87, 21)
(14, 78)
(44, 69)
(10, 25)
(7, 2)
(91, 85)
(3, 14)
(13, 8)
(56, 28)
(41, 18)
(13, 5)
(72, 9)
(49, 1)
(32, 10)
(72, 25)
(28, 45)
(18, 80)
(34, 26)
(68, 25)
(52, 41)
(10, 16)
(83, 20)
(43, 8)
(22, 87)
(45, 3)
(24, 97)
(44, 32)
(74, 26)
(27, 81)
(20, 55)
(23, 50)
(27, 57);

set L := 6
12
2
16
3
22
8
5
9
23
24
18
21
14
13
4
15
19
1
20
17
11
25
10
7;

set EL[1] :=
(55, 100)
(100, 55)
(17, 57)
(57, 17)
(45, 54)
(54, 45)
(26, 42)
(42, 26)
(85, 42)
(42, 85)
(36, 3)
(3, 36)
(2, 41)
(41, 2)
(3, 71)
(71, 3)
(3, 73)
(73, 3)
(4, 95)
(95, 4)
(6, 20)
(20, 6)
(6, 70)
(70, 6)
(8, 76)
(76, 8)
(9, 19)
(19, 9)
(9, 23)
(23, 9)
(9, 64)
(64, 9)
(9, 91)
(91, 9)
(11, 16)
(16, 11)
(11, 46)
(46, 11)
(12, 40)
(40, 12)
(13, 49)
(49, 13)
(14, 29)
(29, 14)
(14, 41)
(41, 14)
(14, 47)
(47, 14)
(14, 50)
(50, 14)
(14, 78)
(78, 14)
(14, 99)
(99, 14)
(15, 56)
(56, 15)
(16, 37)
(37, 16)
(16, 71)
(71, 16)
(19, 39)
(39, 19)
(21, 25)
(25, 21)
(21, 54)
(54, 21)
(24, 97)
(97, 24)
(26, 93)
(93, 26)
(27, 39)
(39, 27)
(28, 67)
(67, 28)
(28, 80)
(80, 28)
(29, 61)
(61, 29);

set EL[2] :=
(66, 57)
(57, 66)
(9, 69)
(69, 9)
(20, 39)
(39, 20)
(80, 79)
(79, 80)
(52, 35)
(35, 52)
(1, 16)
(16, 1)
(1, 75)
(75, 1)
(2, 69)
(69, 2)
(3, 14)
(14, 3)
(3, 37)
(37, 3)
(3, 76)
(76, 3)
(4, 80)
(80, 4)
(6, 44)
(44, 6)
(6, 81)
(81, 6)
(7, 95)
(95, 7)
(8, 30)
(30, 8)
(8, 67)
(67, 8)
(8, 99)
(99, 8)
(9, 45)
(45, 9)
(9, 66)
(66, 9)
(10, 41)
(41, 10)
(11, 19)
(19, 11)
(11, 68)
(68, 11)
(12, 46)
(46, 12)
(14, 38)
(38, 14)
(15, 29)
(29, 15)
(15, 85)
(85, 15)
(16, 28)
(28, 16)
(16, 86)
(86, 16)
(17, 95)
(95, 17)
(19, 93)
(93, 19)
(20, 85)
(85, 20)
(24, 86)
(86, 24)
(24, 90)
(90, 24)
(24, 100)
(100, 24)
(25, 80)
(80, 25)
(27, 63)
(63, 27)
(27, 67)
(67, 27)
(27, 82)
(82, 27)
(28, 51)
(51, 28)
(28, 82)
(82, 28)
(29, 63)
(63, 29)
(30, 70)
(70, 30);

set EL[3] :=
(1, 49)
(49, 1)
(2, 97)
(97, 2)
(3, 46)
(46, 3)
(3, 75)
(75, 3)
(5, 7)
(7, 5)
(6, 26)
(26, 6)
(7, 41)
(41, 7)
(7, 48)
(48, 7)
(8, 39)
(39, 8)
(9, 99)
(99, 9)
(12, 34)
(34, 12)
(12, 35)
(35, 12)
(12, 59)
(59, 12)
(12, 83)
(83, 12)
(14, 36)
(36, 14)
(14, 40)
(40, 14)
(14, 90)
(90, 14)
(15, 81)
(81, 15)
(16, 47)
(47, 16)
(16, 84)
(84, 16)
(17, 59)
(59, 17)
(17, 81)
(81, 17)
(18, 93)
(93, 18)
(19, 50)
(50, 19)
(20, 96)
(96, 20)
(21, 39)
(39, 21)
(22, 100)
(100, 22)
(23, 24)
(24, 23)
(23, 55)
(55, 23)
(25, 46)
(46, 25)
(25, 53)
(53, 25)
(25, 79)
(79, 25)
(27, 60)
(60, 27)
(28, 47)
(47, 28)
(28, 94)
(94, 28)
(29, 50)
(50, 29)
(30, 37)
(37, 30)
(30, 57)
(57, 30)
(30, 61)
(61, 30);

set EL[4] :=
(28, 81)
(81, 28)
(8, 31)
(31, 8)
(51, 39)
(39, 51)
(37, 53)
(53, 37)
(5, 36)
(36, 5)
(32, 44)
(44, 32)
(87, 50)
(50, 87)
(2, 11)
(11, 2)
(3, 41)
(41, 3)
(3, 53)
(53, 3)
(4, 22)
(22, 4)
(4, 31)
(31, 4)
(4, 35)
(35, 4)
(6, 30)
(30, 6)
(7, 68)
(68, 7)
(8, 69)
(69, 8)
(9, 31)
(31, 9)
(9, 80)
(80, 9)
(12, 55)
(55, 12)
(13, 16)
(16, 13)
(13, 41)
(41, 13)
(14, 33)
(33, 14)
(14, 64)
(64, 14)
(15, 65)
(65, 15)
(16, 75)
(75, 16)
(23, 27)
(27, 23)
(26, 33)
(33, 26)
(26, 34)
(34, 26)
(26, 73)
(73, 26)
(27, 37)
(37, 27)
(28, 45)
(45, 28)
(28, 90)
(90, 28)
(30, 77)
(77, 30);

set EL[5] :=
(78, 94)
(94, 78)
(41, 91)
(91, 41)
(1, 3)
(3, 1)
(79, 16)
(16, 79)
(100, 25)
(25, 100)
(1, 25)
(25, 1)
(4, 54)
(54, 4)
(5, 13)
(13, 5)
(5, 48)
(48, 5)
(5, 58)
(58, 5)
(5, 72)
(72, 5)
(6, 16)
(16, 6)
(7, 34)
(34, 7)
(8, 75)
(75, 8)
(8, 85)
(85, 8)
(11, 17)
(17, 11)
(11, 30)
(30, 11)
(11, 32)
(32, 11)
(11, 62)
(62, 11)
(13, 82)
(82, 13)
(14, 67)
(67, 14)
(15, 86)
(86, 15)
(18, 34)
(34, 18)
(18, 76)
(76, 18)
(19, 87)
(87, 19)
(20, 47)
(47, 20)
(21, 38)
(38, 21)
(21, 86)
(86, 21)
(22, 43)
(43, 22)
(23, 70)
(70, 23)
(24, 39)
(39, 24)
(24, 61)
(61, 24)
(24, 72)
(72, 24)
(25, 92)
(92, 25)
(26, 41)
(41, 26)
(27, 46)
(46, 27)
(29, 51)
(51, 29)
(29, 93)
(93, 29);

set EL[6] :=
(23, 7)
(7, 23)
(16, 82)
(82, 16)
(1, 65)
(65, 1)
(4, 63)
(63, 4)
(4, 65)
(65, 4)
(5, 74)
(74, 5)
(7, 99)
(99, 7)
(8, 38)
(38, 8)
(9, 56)
(56, 9)
(10, 68)
(68, 10)
(12, 93)
(93, 12)
(14, 69)
(69, 14)
(14, 98)
(98, 14)
(15, 53)
(53, 15)
(16, 80)
(80, 16)
(17, 23)
(23, 17)
(17, 24)
(24, 17)
(18, 26)
(26, 18)
(18, 41)
(41, 18)
(18, 94)
(94, 18)
(19, 29)
(29, 19)
(19, 46)
(46, 19)
(21, 68)
(68, 21)
(21, 72)
(72, 21)
(22, 29)
(29, 22)
(22, 33)
(33, 22)
(22, 37)
(37, 22)
(22, 73)
(73, 22)
(23, 26)
(26, 23)
(23, 42)
(42, 23)
(23, 53)
(53, 23)
(24, 46)
(46, 24)
(24, 58)
(58, 24)
(24, 83)
(83, 24)
(27, 81)
(81, 27)
(27, 85)
(85, 27)
(28, 46)
(46, 28)
(28, 75)
(75, 28)
(30, 32)
(32, 30)
(30, 62)
(62, 30);

set EL[7] :=
(64, 77)
(77, 64)
(13, 18)
(18, 13)
(1, 52)
(52, 1)
(2, 61)
(61, 2)
(2, 77)
(77, 2)
(3, 24)
(24, 3)
(4, 26)
(26, 4)
(6, 67)
(67, 6)
(7, 17)
(17, 7)
(7, 20)
(20, 7)
(7, 70)
(70, 7)
(7, 80)
(80, 7)
(8, 51)
(51, 8)
(9, 65)
(65, 9)
(10, 42)
(42, 10)
(10, 56)
(56, 10)
(10, 96)
(96, 10)
(12, 20)
(20, 12)
(12, 77)
(77, 12)
(12, 99)
(99, 12)
(13, 84)
(84, 13)
(17, 76)
(76, 17)
(19, 85)
(85, 19)
(19, 100)
(100, 19)
(20, 94)
(94, 20)
(22, 66)
(66, 22)
(22, 98)
(98, 22)
(25, 88)
(88, 25);

set EL[8] :=
(8, 43)
(43, 8)
(11, 44)
(44, 11)
(92, 62)
(62, 92)
(1, 53)
(53, 1)
(1, 64)
(64, 1)
(1, 100)
(100, 1)
(2, 13)
(13, 2)
(2, 29)
(29, 2)
(3, 4)
(4, 3)
(3, 9)
(9, 3)
(8, 26)
(26, 8)
(9, 13)
(13, 9)
(9, 14)
(14, 9)
(9, 41)
(41, 9)
(10, 80)
(80, 10)
(10, 87)
(87, 10)
(11, 80)
(80, 11)
(13, 30)
(30, 13)
(14, 57)
(57, 14)
(14, 100)
(100, 14)
(15, 27)
(27, 15)
(15, 61)
(61, 15)
(16, 69)
(69, 16)
(17, 18)
(18, 17)
(17, 51)
(51, 17)
(17, 54)
(54, 17)
(18, 24)
(24, 18)
(18, 27)
(27, 18)
(18, 69)
(69, 18)
(20, 55)
(55, 20)
(20, 71)
(71, 20)
(21, 22)
(22, 21)
(23, 77)
(77, 23)
(23, 78)
(78, 23)
(26, 58)
(58, 26)
(28, 52)
(52, 28)
(28, 73)
(73, 28);

set EL[9] :=
(36, 56)
(56, 36)
(95, 73)
(73, 95)
(32, 34)
(34, 32)
(2, 47)
(47, 2)
(3, 59)
(59, 3)
(4, 39)
(39, 4)
(5, 14)
(14, 5)
(5, 57)
(57, 5)
(5, 82)
(82, 5)
(6, 55)
(55, 6)
(6, 60)
(60, 6)
(6, 63)
(63, 6)
(9, 26)
(26, 9)
(10, 73)
(73, 10)
(10, 88)
(88, 10)
(10, 95)
(95, 10)
(11, 27)
(27, 11)
(11, 69)
(69, 11)
(13, 28)
(28, 13)
(13, 45)
(45, 13)
(13, 57)
(57, 13)
(13, 68)
(68, 13)
(14, 16)
(16, 14)
(14, 83)
(83, 14)
(14, 93)
(93, 14)
(16, 27)
(27, 16)
(18, 52)
(52, 18)
(18, 57)
(57, 18)
(18, 58)
(58, 18)
(19, 92)
(92, 19)
(19, 94)
(94, 19)
(20, 28)
(28, 20)
(20, 78)
(78, 20)
(21, 61)
(61, 21)
(21, 89)
(89, 21)
(22, 87)
(87, 22)
(23, 50)
(50, 23)
(23, 62)
(62, 23)
(25, 33)
(33, 25)
(26, 60)
(60, 26)
(26, 67)
(67, 26)
(27, 79)
(79, 27)
(27, 97)
(97, 27)
(28, 70)
(70, 28)
(28, 78)
(78, 28)
(28, 87)
(87, 28)
(28, 95)
(95, 28)
(29, 42)
(42, 29);

set EL[10] :=
(68, 86)
(86, 68)
(24, 40)
(40, 24)
(85, 13)
(13, 85)
(67, 86)
(86, 67)
(1, 45)
(45, 1)
(4, 6)
(6, 4)
(4, 46)
(46, 4)
(4, 51)
(51, 4)
(4, 57)
(57, 4)
(4, 88)
(88, 4)
(5, 16)
(16, 5)
(5, 32)
(32, 5)
(5, 47)
(47, 5)
(5, 92)
(92, 5)
(6, 71)
(71, 6)
(6, 91)
(91, 6)
(6, 95)
(95, 6)
(7, 31)
(31, 7)
(7, 43)
(43, 7)
(9, 90)
(90, 9)
(10, 24)
(24, 10)
(10, 71)
(71, 10)
(10, 82)
(82, 10)
(10, 91)
(91, 10)
(11, 28)
(28, 11)
(12, 17)
(17, 12)
(13, 79)
(79, 13)
(14, 63)
(63, 14)
(15, 36)
(36, 15)
(15, 82)
(82, 15)
(15, 95)
(95, 15)
(16, 52)
(52, 16)
(16, 55)
(55, 16)
(17, 85)
(85, 17)
(18, 53)
(53, 18)
(18, 87)
(87, 18)
(20, 45)
(45, 20)
(20, 74)
(74, 20)
(21, 32)
(32, 21)
(21, 95)
(95, 21)
(23, 63)
(63, 23)
(23, 99)
(99, 23)
(24, 28)
(28, 24)
(24, 65)
(65, 24)
(24, 84)
(84, 24)
(26, 59)
(59, 26)
(26, 71)
(71, 26)
(26, 97)
(97, 26)
(27, 47)
(47, 27)
(27, 68)
(68, 27)
(28, 50)
(50, 28)
(29, 58)
(58, 29)
(30, 46)
(46, 30)
(30, 74)
(74, 30);

set EL[11] :=
(1, 7)
(7, 1)
(4, 32)
(32, 4)
(4, 94)
(94, 4)
(5, 88)
(88, 5)
(6, 74)
(74, 6)
(7, 45)
(45, 7)
(8, 44)
(44, 8)
(8, 82)
(82, 8)
(9, 86)
(86, 9)
(11, 14)
(14, 11)
(11, 15)
(15, 11)
(11, 40)
(40, 11)
(13, 33)
(33, 13)
(13, 34)
(34, 13)
(13, 56)
(56, 13)
(13, 97)
(97, 13)
(16, 51)
(51, 16)
(16, 74)
(74, 16)
(17, 89)
(89, 17)
(19, 21)
(21, 19)
(19, 75)
(75, 19)
(21, 29)
(29, 21)
(23, 41)
(41, 23)
(24, 27)
(27, 24)
(24, 55)
(55, 24)
(24, 79)
(79, 24)
(26, 94)
(94, 26)
(27, 53)
(53, 27)
(28, 34)
(34, 28)
(29, 77)
(77, 29);

set EL[12] :=
(46, 49)
(49, 46)
(48, 14)
(14, 48)
(69, 44)
(44, 69)
(85, 91)
(91, 85)
(1, 17)
(17, 1)
(1, 48)
(48, 1)
(1, 66)
(66, 1)
(2, 66)
(66, 2)
(3, 8)
(8, 3)
(3, 11)
(11, 3)
(3, 80)
(80, 3)
(4, 44)
(44, 4)
(5, 22)
(22, 5)
(6, 29)
(29, 6)
(6, 38)
(38, 6)
(6, 39)
(39, 6)
(7, 47)
(47, 7)
(8, 56)
(56, 8)
(10, 33)
(33, 10)
(10, 76)
(76, 10)
(13, 73)
(73, 13)
(13, 94)
(94, 13)
(14, 24)
(24, 14)
(16, 99)
(99, 16)
(18, 61)
(61, 18)
(19, 48)
(48, 19)
(19, 70)
(70, 19)
(19, 73)
(73, 19)
(21, 30)
(30, 21)
(21, 58)
(58, 21)
(21, 75)
(75, 21)
(22, 55)
(55, 22)
(24, 81)
(81, 24)
(25, 57)
(57, 25)
(25, 85)
(85, 25)
(27, 44)
(44, 27)
(27, 95)
(95, 27)
(27, 99)
(99, 27)
(28, 42)
(42, 28)
(29, 53)
(53, 29)
(30, 51)
(51, 30);

set EL[13] :=
(1, 60)
(60, 1)
(97, 71)
(71, 97)
(53, 14)
(14, 53)
(4, 21)
(21, 4)
(10, 27)
(27, 10)
(1, 93)
(93, 1)
(73, 15)
(15, 73)
(34, 72)
(72, 34)
(4, 34)
(34, 4)
(65, 73)
(73, 65)
(1, 71)
(71, 1)
(2, 36)
(36, 2)
(2, 50)
(50, 2)
(3, 60)
(60, 3)
(4, 85)
(85, 4)
(5, 77)
(77, 5)
(8, 10)
(10, 8)
(8, 21)
(21, 8)
(9, 10)
(10, 9)
(10, 92)
(92, 10)
(12, 75)
(75, 12)
(13, 26)
(26, 13)
(14, 59)
(59, 14)
(15, 17)
(17, 15)
(15, 93)
(93, 15)
(15, 99)
(99, 15)
(16, 85)
(85, 16)
(19, 89)
(89, 19)
(21, 28)
(28, 21)
(21, 52)
(52, 21)
(23, 45)
(45, 23)
(23, 89)
(89, 23)
(24, 70)
(70, 24)
(27, 58)
(58, 27)
(28, 37)
(37, 28)
(28, 96)
(96, 28)
(29, 30)
(30, 29)
(29, 62)
(62, 29)
(30, 41)
(41, 30);

set EL[14] :=
(46, 96)
(96, 46)
(61, 6)
(6, 61)
(42, 94)
(94, 42)
(1, 50)
(50, 1)
(2, 48)
(48, 2)
(3, 96)
(96, 3)
(5, 59)
(59, 5)
(7, 66)
(66, 7)
(7, 92)
(92, 7)
(10, 19)
(19, 10)
(10, 25)
(25, 10)
(11, 82)
(82, 11)
(11, 89)
(89, 11)
(12, 41)
(41, 12)
(13, 31)
(31, 13)
(14, 43)
(43, 14)
(14, 65)
(65, 14)
(15, 32)
(32, 15)
(15, 38)
(38, 15)
(15, 51)
(51, 15)
(18, 75)
(75, 18)
(20, 95)
(95, 20)
(21, 74)
(74, 21)
(23, 75)
(75, 23)
(23, 76)
(76, 23)
(24, 30)
(30, 24)
(27, 57)
(57, 27)
(27, 92)
(92, 27)
(28, 53)
(53, 28)
(28, 63)
(63, 28)
(29, 74)
(74, 29)
(30, 39)
(39, 30)
(30, 76)
(76, 30);

set EL[15] :=
(92, 75)
(75, 92)
(43, 38)
(38, 43)
(74, 59)
(59, 74)
(1, 33)
(33, 1)
(2, 87)
(87, 2)
(2, 93)
(93, 2)
(4, 72)
(72, 4)
(5, 33)
(33, 5)
(5, 46)
(46, 5)
(5, 62)
(62, 5)
(6, 21)
(21, 6)
(6, 23)
(23, 6)
(6, 25)
(25, 6)
(6, 57)
(57, 6)
(6, 88)
(88, 6)
(8, 17)
(17, 8)
(8, 81)
(81, 8)
(9, 79)
(79, 9)
(10, 40)
(40, 10)
(11, 33)
(33, 11)
(11, 38)
(38, 11)
(12, 29)
(29, 12)
(13, 44)
(44, 13)
(13, 55)
(55, 13)
(14, 61)
(61, 14)
(14, 75)
(75, 14)
(14, 88)
(88, 14)
(16, 56)
(56, 16)
(16, 94)
(94, 16)
(17, 91)
(91, 17)
(18, 54)
(54, 18)
(20, 64)
(64, 20)
(21, 40)
(40, 21)
(25, 77)
(77, 25)
(27, 84)
(84, 27)
(28, 56)
(56, 28)
(28, 57)
(57, 28)
(28, 93)
(93, 28)
(29, 40)
(40, 29)
(29, 67)
(67, 29)
(29, 96)
(96, 29);

set EL[16] :=
(33, 47)
(47, 33)
(44, 10)
(10, 44)
(69, 57)
(57, 69)
(1, 28)
(28, 1)
(1, 94)
(94, 1)
(2, 67)
(67, 2)
(3, 20)
(20, 3)
(6, 32)
(32, 6)
(7, 81)
(81, 7)
(8, 59)
(59, 8)
(8, 63)
(63, 8)
(8, 77)
(77, 8)
(10, 37)
(37, 10)
(10, 55)
(55, 10)
(11, 97)
(97, 11)
(12, 15)
(15, 12)
(12, 82)
(82, 12)
(13, 51)
(51, 13)
(16, 30)
(30, 16)
(16, 65)
(65, 16)
(17, 72)
(72, 17)
(20, 29)
(29, 20)
(21, 23)
(23, 21)
(21, 73)
(73, 21)
(22, 58)
(58, 22)
(22, 91)
(91, 22)
(23, 60)
(60, 23)
(24, 47)
(47, 24)
(24, 82)
(82, 24)
(28, 66)
(66, 28)
(30, 48)
(48, 30)
(30, 64)
(64, 30);

set EL[17] :=
(74, 53)
(53, 74)
(70, 88)
(88, 70)
(25, 84)
(84, 25)
(1, 8)
(8, 1)
(1, 40)
(40, 1)
(2, 22)
(22, 2)
(2, 25)
(25, 2)
(2, 55)
(55, 2)
(2, 81)
(81, 2)
(3, 13)
(13, 3)
(3, 89)
(89, 3)
(5, 60)
(60, 5)
(7, 42)
(42, 7)
(7, 89)
(89, 7)
(7, 100)
(100, 7)
(8, 13)
(13, 8)
(8, 54)
(54, 8)
(10, 15)
(15, 10)
(10, 32)
(32, 10)
(10, 39)
(39, 10)
(10, 52)
(52, 10)
(11, 55)
(55, 11)
(12, 54)
(54, 12)
(13, 89)
(89, 13)
(14, 30)
(30, 14)
(16, 90)
(90, 16)
(17, 99)
(99, 17)
(18, 33)
(33, 18)
(18, 38)
(38, 18)
(18, 99)
(99, 18)
(19, 60)
(60, 19)
(20, 70)
(70, 20)
(21, 47)
(47, 21)
(21, 92)
(92, 21)
(21, 94)
(94, 21)
(21, 100)
(100, 21)
(22, 47)
(47, 22)
(22, 93)
(93, 22)
(23, 39)
(39, 23)
(24, 32)
(32, 24)
(25, 73)
(73, 25)
(25, 81)
(81, 25)
(26, 62)
(62, 26)
(26, 78)
(78, 26)
(26, 84)
(84, 26)
(26, 88)
(88, 26)
(27, 80)
(80, 27)
(29, 97)
(97, 29)
(30, 40)
(40, 30);

set EL[18] :=
(67, 18)
(18, 67)
(12, 76)
(76, 12)
(55, 64)
(64, 55)
(60, 24)
(24, 60)
(1, 30)
(30, 1)
(2, 12)
(12, 2)
(2, 15)
(15, 2)
(2, 75)
(75, 2)
(2, 92)
(92, 2)
(3, 18)
(18, 3)
(3, 25)
(25, 3)
(3, 42)
(42, 3)
(4, 79)
(79, 4)
(6, 97)
(97, 6)
(7, 44)
(44, 7)
(7, 72)
(72, 7)
(8, 91)
(91, 8)
(9, 24)
(24, 9)
(9, 33)
(33, 9)
(9, 36)
(36, 9)
(9, 59)
(59, 9)
(10, 16)
(16, 10)
(13, 99)
(99, 13)
(14, 97)
(97, 14)
(15, 45)
(45, 15)
(15, 66)
(66, 15)
(15, 69)
(69, 15)
(15, 87)
(87, 15)
(16, 39)
(39, 16)
(17, 40)
(40, 17)
(18, 22)
(22, 18)
(19, 36)
(36, 19)
(20, 24)
(24, 20)
(20, 30)
(30, 20)
(20, 83)
(83, 20)
(22, 23)
(23, 22)
(22, 80)
(80, 22)
(25, 71)
(71, 25)
(26, 31)
(31, 26)
(26, 48)
(48, 26)
(26, 74)
(74, 26)
(26, 79)
(79, 26)
(26, 82)
(82, 26)
(26, 100)
(100, 26)
(28, 39)
(39, 28)
(28, 100)
(100, 28);

set EL[19] :=
(80, 19)
(19, 80)
(2, 30)
(30, 2)
(3, 68)
(68, 3)
(3, 87)
(87, 3)
(7, 33)
(33, 7)
(8, 92)
(92, 8)
(9, 43)
(43, 9)
(9, 51)
(51, 9)
(9, 62)
(62, 9)
(12, 73)
(73, 12)
(12, 74)
(74, 12)
(12, 86)
(86, 12)
(13, 91)
(91, 13)
(14, 56)
(56, 14)
(14, 84)
(84, 14)
(15, 62)
(62, 15)
(16, 24)
(24, 16)
(16, 36)
(36, 16)
(17, 50)
(50, 17)
(19, 77)
(77, 19)
(20, 54)
(54, 20)
(20, 58)
(58, 20)
(21, 42)
(42, 21)
(22, 27)
(27, 22)
(22, 28)
(28, 22)
(23, 31)
(31, 23)
(23, 84)
(84, 23)
(25, 66)
(66, 25)
(26, 37)
(37, 26)
(26, 51)
(51, 26)
(26, 91)
(91, 26)
(27, 32)
(32, 27)
(28, 92)
(92, 28)
(30, 36)
(36, 30)
(30, 45)
(45, 30)
(30, 60)
(60, 30)
(30, 68)
(68, 30);

set EL[20] :=
(26, 45)
(45, 26)
(15, 34)
(34, 15)
(38, 29)
(29, 38)
(39, 22)
(22, 39)
(47, 74)
(74, 47)
(1, 67)
(67, 1)
(1, 97)
(97, 1)
(5, 21)
(21, 5)
(5, 55)
(55, 5)
(6, 48)
(48, 6)
(6, 54)
(54, 6)
(7, 10)
(10, 7)
(7, 35)
(35, 7)
(8, 23)
(23, 8)
(9, 25)
(25, 9)
(9, 67)
(67, 9)
(10, 17)
(17, 10)
(11, 96)
(96, 11)
(12, 89)
(89, 12)
(13, 48)
(48, 13)
(13, 67)
(67, 13)
(15, 26)
(26, 15)
(15, 31)
(31, 15)
(15, 47)
(47, 15)
(16, 22)
(22, 16)
(16, 45)
(45, 16)
(16, 53)
(53, 16)
(16, 61)
(61, 16)
(16, 73)
(73, 16)
(19, 20)
(20, 19)
(19, 25)
(25, 19)
(21, 71)
(71, 21)
(21, 80)
(80, 21)
(23, 52)
(52, 23)
(23, 88)
(88, 23)
(24, 75)
(75, 24)
(25, 68)
(68, 25)
(26, 28)
(28, 26)
(27, 61)
(61, 27)
(27, 91)
(91, 27)
(28, 30)
(30, 28);

set EL[21] :=
(90, 75)
(75, 90)
(84, 99)
(99, 84)
(71, 7)
(7, 71)
(88, 92)
(92, 88)
(17, 98)
(98, 17)
(2, 7)
(7, 2)
(3, 12)
(12, 3)
(3, 19)
(19, 3)
(3, 47)
(47, 3)
(3, 81)
(81, 3)
(4, 7)
(7, 4)
(4, 40)
(40, 4)
(4, 66)
(66, 4)
(4, 91)
(91, 4)
(5, 69)
(69, 5)
(6, 7)
(7, 6)
(6, 9)
(9, 6)
(7, 16)
(16, 7)
(7, 54)
(54, 7)
(8, 29)
(29, 8)
(9, 40)
(40, 9)
(9, 89)
(89, 9)
(9, 98)
(98, 9)
(10, 20)
(20, 10)
(11, 86)
(86, 11)
(13, 21)
(21, 13)
(15, 40)
(40, 15)
(15, 98)
(98, 15)
(16, 76)
(76, 16)
(17, 27)
(27, 17)
(18, 64)
(64, 18)
(18, 73)
(73, 18)
(19, 22)
(22, 19)
(19, 34)
(34, 19)
(19, 61)
(61, 19)
(19, 68)
(68, 19)
(21, 88)
(88, 21)
(23, 81)
(81, 23)
(25, 31)
(31, 25)
(25, 87)
(87, 25)
(26, 27)
(27, 26)
(26, 99)
(99, 26)
(27, 43)
(43, 27)
(27, 65)
(65, 27)
(28, 61)
(61, 28)
(28, 62)
(62, 28)
(28, 65)
(65, 28)
(29, 75)
(75, 29);

set EL[22] :=
(96, 74)
(74, 96)
(2, 74)
(74, 2)
(62, 27)
(27, 62)
(41, 52)
(52, 41)
(16, 18)
(18, 16)
(1, 74)
(74, 1)
(1, 83)
(83, 1)
(2, 19)
(19, 2)
(2, 28)
(28, 2)
(3, 85)
(85, 3)
(4, 43)
(43, 4)
(4, 48)
(48, 4)
(5, 30)
(30, 5)
(7, 62)
(62, 7)
(8, 12)
(12, 8)
(10, 89)
(89, 10)
(11, 31)
(31, 11)
(11, 57)
(57, 11)
(11, 75)
(75, 11)
(11, 76)
(76, 11)
(11, 81)
(81, 11)
(17, 62)
(62, 17)
(18, 45)
(45, 18)
(19, 83)
(83, 19)
(20, 46)
(46, 20)
(21, 60)
(60, 21)
(22, 59)
(59, 22)
(23, 35)
(35, 23)
(23, 44)
(44, 23)
(23, 73)
(73, 23)
(24, 57)
(57, 24)
(26, 54)
(54, 26)
(27, 78)
(78, 27)
(30, 69)
(69, 30);

set EL[23] :=
(22, 54)
(54, 22)
(28, 98)
(98, 28)
(38, 87)
(87, 38)
(1, 62)
(62, 1)
(1, 76)
(76, 1)
(2, 51)
(51, 2)
(2, 78)
(78, 2)
(3, 69)
(69, 3)
(4, 5)
(5, 4)
(4, 19)
(19, 4)
(4, 41)
(41, 4)
(4, 52)
(52, 4)
(4, 59)
(59, 4)
(4, 74)
(74, 4)
(4, 100)
(100, 4)
(5, 37)
(37, 5)
(7, 19)
(19, 7)
(8, 50)
(50, 8)
(8, 60)
(60, 8)
(8, 84)
(84, 8)
(9, 47)
(47, 9)
(9, 81)
(81, 9)
(11, 70)
(70, 11)
(12, 53)
(53, 12)
(12, 72)
(72, 12)
(14, 71)
(71, 14)
(14, 89)
(89, 14)
(16, 63)
(63, 16)
(17, 44)
(44, 17)
(17, 87)
(87, 17)
(18, 74)
(74, 18)
(18, 77)
(77, 18)
(18, 80)
(80, 18)
(18, 81)
(81, 18)
(18, 100)
(100, 18)
(21, 59)
(59, 21)
(21, 69)
(69, 21)
(21, 87)
(87, 21)
(22, 49)
(49, 22)
(27, 50)
(50, 27)
(28, 59)
(59, 28)
(30, 47)
(47, 30);

set EL[24] :=
(63, 15)
(15, 63)
(50, 83)
(83, 50)
(89, 29)
(29, 89)
(68, 6)
(6, 68)
(71, 58)
(58, 71)
(5, 10)
(10, 5)
(1, 35)
(35, 1)
(2, 4)
(4, 2)
(3, 45)
(45, 3)
(4, 68)
(68, 4)
(4, 96)
(96, 4)
(6, 65)
(65, 6)
(6, 73)
(73, 6)
(6, 76)
(76, 6)
(7, 18)
(18, 7)
(7, 78)
(78, 7)
(8, 65)
(65, 8)
(8, 74)
(74, 8)
(9, 74)
(74, 9)
(12, 30)
(30, 12)
(12, 45)
(45, 12)
(14, 15)
(15, 14)
(14, 42)
(42, 14)
(14, 58)
(58, 14)
(15, 28)
(28, 15)
(15, 43)
(43, 15)
(15, 91)
(91, 15)
(17, 42)
(42, 17)
(17, 67)
(67, 17)
(18, 83)
(83, 18)
(19, 62)
(62, 19)
(20, 76)
(76, 20)
(21, 76)
(76, 21)
(22, 44)
(44, 22)
(23, 32)
(32, 23)
(23, 64)
(64, 23)
(24, 67)
(67, 24)
(24, 91)
(91, 24)
(24, 99)
(99, 24)
(25, 63)
(63, 25)
(25, 65)
(65, 25)
(25, 95)
(95, 25)
(27, 77)
(77, 27)
(29, 57)
(57, 29);

set EL[25] :=
(3, 48)
(48, 3)
(11, 35)
(35, 11)
(2, 76)
(76, 2)
(59, 29)
(29, 59)
(7, 77)
(77, 7)
(58, 17)
(17, 58)
(2, 17)
(17, 2)
(3, 23)
(23, 3)
(5, 94)
(94, 5)
(6, 62)
(62, 6)
(6, 93)
(93, 6)
(7, 65)
(65, 7)
(9, 72)
(72, 9)
(10, 58)
(58, 10)
(10, 90)
(90, 10)
(12, 63)
(63, 12)
(12, 68)
(68, 12)
(12, 97)
(97, 12)
(13, 90)
(90, 13)
(14, 35)
(35, 14)
(14, 51)
(51, 14)
(15, 48)
(48, 15)
(18, 20)
(20, 18)
(18, 86)
(86, 18)
(19, 76)
(76, 19)
(23, 85)
(85, 23)
(25, 42)
(42, 25)
(25, 59)
(59, 25)
(25, 72)
(72, 25)
(25, 93)
(93, 25)
(26, 44)
(44, 26)
(26, 89)
(89, 26)
(27, 52)
(52, 27)
(30, 54)
(54, 30);

param sizeV := 100;

param sizeEL := 
1 78
2 86
3 78
4 66
5 76
6 80
7 56
8 74
9 96
10 108
11 60
12 82
13 78
14 66
15 82
16 64
17 98
18 92
19 74
20 82
21 96
22 68
23 84
24 88
25 68;

end;