set V := 93
44
56
16
9
58
24
27
52
29
13
43
66
77
100
4
80
63
7
6
69
40
78
45
84
81
34
21
73
46
99
49
38
67
1
76
90
39
74
48
61
72
12
2
22
68
8
41
89
82
75
37
85
94
62
70
91
64
88
15
60
17
96
51
86
83
30
32
42
26
65
3
95
5
50
23
18
57
53
79
14
87
35
36
98
54
28
59
31
19
55
47
20
11
97
25
92
33
10
71;

set E:= 
(83, 2)
(48, 33)
(25, 7)
(80, 28)
(12, 8)
(25, 1)
(19, 77)
(23, 35)
(57, 17)
(17, 5)
(17, 28)
(25, 11)
(88, 51)
(93, 11)
(40, 20)
(6, 93)
(83, 1)
(29, 12)
(11, 52)
(20, 9)
(31, 64)
(67, 29)
(14, 72)
(28, 17)
(5, 15)
(22, 11)
(5, 91)
(47, 20)
(7, 55)
(65, 10)
(69, 11)
(70, 9)
(4, 67)
(44, 29)
(45, 32)
(5, 21)
(92, 28)
(89, 11)
(4, 99)
(100, 20)
(50, 8)
(2, 47)
(3, 82)
(9, 74)
(63, 18)
(13, 14)
(32, 1)
(30, 82)
(6, 36)
(99, 29)
(20, 97)
(38, 17)
(15, 62)
(10, 8)
(40, 1)
(46, 47)
(4, 46)
(28, 81)
(29, 26)
(29, 25)
(16, 70)
(84, 19)
(29, 71)
(9, 83)
(14, 11)
(8, 25)
(29, 67)
(17, 38)
(16, 36)
(32, 58)
(27, 86)
(91, 3)
(11, 30)
(91, 15)
(64, 1)
(43, 33)
(31, 19)
(86, 17)
(43, 7)
(95, 100)
(19, 50)
(64, 3)
(82, 30)
(51, 18)
(94, 30)
(94, 5)
(96, 17)
(18, 44)
(46, 23)
(22, 6)
(15, 33)
(10, 86)
(31, 61)
(24, 59)
(2, 3)
(64, 21)
(10, 32)
(29, 22)
(27, 79)
(80, 5)
(82, 24)
(62, 17)
(82, 22)
(7, 41)
(84, 28)
(17, 60)
(33, 34)
(61, 8)
(53, 25)
(36, 6)
(5, 40)
(16, 29)
(82, 58)
(13, 58)
(39, 31)
(13, 34)
(21, 25)
(92, 3)
(37, 11)
(19, 12)
(15, 91)
(44, 6)
(70, 50)
(37, 17)
(28, 58)
(65, 78)
(39, 32)
(23, 100)
(30, 17)
(70, 23)
(6, 48)
(85, 18)
(61, 11)
(7, 78)
(5, 14)
(26, 72)
(70, 25)
(80, 8)
(17, 74)
(17, 27)
(38, 23)
(69, 21)
(70, 8)
(3, 92)
(30, 35)
(64, 22)
(30, 51)
(60, 3)
(67, 32)
(93, 15)
(64, 9)
(12, 26)
(2, 27)
(8, 7)
(52, 19)
(12, 19)
(38, 11)
(74, 28)
(13, 37)
(29, 99)
(1, 67)
(17, 52)
(17, 86)
(5, 95)
(12, 56)
(28, 89)
(54, 33)
(37, 4)
(12, 55)
(95, 23)
(7, 72)
(41, 23)
(87, 24)
(26, 19)
(7, 12)
(3, 21)
(26, 56)
(17, 18)
(23, 8)
(43, 5)
(99, 2)
(49, 15)
(29, 30)
(2, 4)
(45, 13)
(83, 5)
(90, 31)
(19, 82)
(23, 53)
(66, 5)
(18, 74)
(36, 22)
(26, 10)
(14, 100)
(60, 29)
(68, 94)
(78, 65)
(73, 26)
(25, 44)
(30, 84)
(16, 33)
(49, 6)
(62, 8)
(62, 20)
(96, 12)
(29, 61)
(15, 96)
(85, 11)
(30, 33)
(8, 59)
(51, 24)
(54, 23)
(72, 17)
(21, 82)
(25, 15)
(32, 16)
(15, 92)
(13, 64)
(27, 85)
(47, 10)
(79, 7)
(32, 27)
(9, 70)
(14, 3)
(7, 21)
(26, 12)
(1, 78)
(6, 39)
(9, 19)
(5, 87)
(5, 82)
(74, 13)
(1, 64)
(8, 83)
(18, 69)
(11, 38)
(23, 46)
(23, 27)
(30, 69)
(50, 32)
(59, 15)
(73, 3)
(72, 12)
(2, 91)
(20, 66)
(26, 69)
(28, 74)
(17, 35)
(2, 76)
(79, 26)
(51, 9)
(17, 67)
(7, 50)
(27, 60)
(32, 87)
(14, 98)
(11, 45)
(59, 27)
(58, 11)
(54, 3)
(86, 10)
(95, 13)
(12, 24)
(3, 79)
(29, 32)
(5, 46)
(85, 28)
(2, 55)
(6, 9)
(58, 23)
(21, 91)
(13, 32)
(28, 32)
(44, 11)
(31, 24)
(51, 12)
(35, 23)
(77, 4)
(62, 12)
(76, 18)
(31, 93)
(7, 48)
(4, 50)
(14, 93)
(19, 88)
(8, 61)
(83, 11)
(48, 13)
(29, 87)
(31, 7)
(10, 64)
(35, 28)
(7, 29)
(25, 80)
(2, 90)
(9, 68)
(17, 37)
(97, 26)
(11, 89)
(43, 2)
(4, 58)
(32, 67)
(32, 44)
(88, 20)
(84, 23)
(89, 27)
(52, 17)
(31, 4)
(2, 75)
(100, 25)
(31, 73)
(38, 8)
(63, 31)
(64, 7)
(72, 14)
(40, 32)
(4, 97)
(26, 30)
(17, 40)
(85, 9)
(99, 53)
(26, 48)
(28, 80)
(49, 26)
(5, 43)
(34, 13)
(3, 2)
(58, 30)
(5, 83)
(53, 99)
(2, 99)
(62, 15)
(8, 77)
(10, 55)
(29, 40)
(93, 16)
(26, 86)
(31, 20)
(17, 70)
(53, 19)
(31, 95)
(21, 22)
(77, 8)
(10, 57)
(6, 13)
(80, 17)
(95, 5)
(45, 5)
(38, 14)
(55, 25)
(16, 32)
(29, 75)
(31, 11)
(89, 39)
(90, 19)
(16, 99)
(62, 25)
(28, 26)
(50, 4)
(93, 31)
(14, 38)
(7, 62)
(16, 68)
(67, 1)
(66, 4)
(13, 26)
(76, 25)
(19, 71)
(75, 31)
(27, 10)
(100, 13)
(13, 45)
(19, 9)
(24, 35)
(93, 22)
(22, 36)
(50, 16)
(31, 39)
(50, 7)
(69, 13)
(53, 20)
(33, 56)
(65, 31)
(4, 6)
(2, 70)
(11, 32)
(18, 38)
(92, 5)
(27, 7)
(6, 92)
(82, 18)
(64, 11)
(34, 27)
(20, 5)
(3, 64)
(52, 33)
(30, 6)
(60, 27)
(15, 60)
(25, 94)
(36, 16)
(66, 2)
(29, 6)
(57, 1)
(30, 47)
(29, 28)
(29, 94)
(24, 42)
(2, 56)
(57, 31)
(96, 21)
(81, 79)
(40, 19)
(58, 2)
(31, 23)
(31, 98)
(95, 3)
(70, 6)
(26, 97)
(31, 37)
(16, 91)
(80, 15)
(33, 52)
(85, 29)
(10, 99)
(1, 84)
(93, 12)
(50, 19)
(28, 6)
(33, 59)
(15, 59)
(55, 31)
(8, 70)
(80, 16)
(84, 31)
(26, 34)
(10, 26)
(51, 26)
(8, 34)
(72, 21)
(13, 19)
(60, 20)
(6, 53)
(24, 99)
(92, 15)
(95, 28)
(14, 19)
(58, 13)
(21, 71)
(11, 14)
(33, 9)
(21, 3)
(26, 79)
(7, 37)
(76, 8)
(79, 4)
(3, 60)
(3, 55)
(72, 27)
(72, 26)
(8, 51)
(1, 45)
(57, 32)
(43, 17)
(20, 27)
(18, 15)
(2, 83)
(65, 49)
(61, 15)
(51, 11)
(25, 43)
(73, 23)
(15, 49)
(34, 24)
(74, 17)
(31, 100)
(25, 29)
(58, 25)
(51, 23)
(75, 5)
(37, 18)
(56, 12)
(17, 33)
(18, 84)
(15, 18)
(77, 11)
(22, 38)
(84, 22)
(66, 6)
(27, 48)
(36, 21)
(65, 29)
(60, 15)
(20, 65)
(13, 60)
(32, 29)
(33, 10)
(94, 9)
(88, 21)
(74, 30)
(86, 18)
(45, 9)
(23, 38)
(30, 39)
(3, 95)
(10, 2)
(93, 14)
(49, 4)
(58, 4)
(21, 56)
(60, 7)
(85, 7)
(83, 21)
(1, 14)
(14, 83)
(78, 1)
(63, 55)
(7, 85)
(4, 73)
(25, 69)
(9, 51)
(20, 32)
(34, 8)
(15, 6)
(66, 9)
(16, 7)
(18, 3)
(9, 44)
(95, 27)
(52, 12)
(10, 33)
(18, 17)
(64, 48)
(32, 19)
(14, 67)
(84, 21)
(3, 8)
(33, 32)
(99, 15)
(28, 34)
(20, 88)
(9, 99)
(18, 82)
(57, 19)
(23, 56)
(59, 61)
(75, 11)
(4, 92)
(18, 75)
(72, 19)
(1, 74)
(16, 23)
(87, 5)
(52, 11)
(11, 18)
(11, 58)
(87, 29)
(8, 10)
(93, 26)
(50, 24)
(88, 74)
(17, 54)
(69, 30)
(41, 48)
(11, 25)
(86, 27)
(70, 22)
(57, 8)
(72, 16)
(5, 8)
(54, 32)
(76, 29)
(32, 13)
(54, 18)
(67, 57)
(3, 25)
(69, 14)
(27, 52)
(81, 6)
(31, 33)
(86, 6)
(25, 5)
(73, 69)
(67, 4)
(16, 37)
(16, 81)
(25, 37)
(5, 32)
(4, 95)
(13, 52)
(12, 64)
(29, 73)
(27, 23)
(66, 21)
(56, 17)
(69, 19)
(94, 3)
(57, 3)
(30, 22)
(20, 79)
(30, 48)
(14, 30)
(2, 20)
(6, 15)
(76, 14)
(70, 68)
(81, 28)
(45, 57)
(1, 16)
(41, 29)
(32, 61)
(8, 57)
(84, 15)
(38, 22)
(1, 96)
(2, 9)
(81, 24)
(72, 10)
(18, 85)
(4, 53)
(71, 13)
(11, 83)
(27, 17)
(17, 1)
(44, 15)
(2, 31)
(1, 13)
(4, 74)
(67, 5)
(7, 25)
(28, 63)
(23, 73)
(100, 95)
(53, 4)
(86, 15)
(95, 31)
(6, 38)
(16, 38)
(84, 1)
(5, 84)
(11, 37)
(89, 17)
(9, 2)
(97, 14)
(32, 24)
(56, 1)
(90, 25)
(10, 37)
(55, 5)
(25, 21)
(20, 47)
(15, 40)
(55, 27)
(22, 54)
(18, 21)
(35, 20)
(18, 86)
(60, 16)
(2, 7)
(36, 25)
(7, 27)
(15, 81)
(26, 73)
(16, 94)
(23, 41)
(14, 1)
(14, 4)
(79, 21)
(17, 72)
(24, 53)
(10, 62)
(97, 11)
(5, 17)
(69, 23)
(26, 95)
(53, 9)
(48, 41)
(72, 3)
(18, 76)
(69, 8)
(7, 43)
(93, 17)
(45, 14)
(47, 8)
(30, 14)
(91, 5)
(41, 27)
(63, 7)
(28, 8)
(64, 12)
(26, 32)
(3, 84)
(99, 16)
(17, 51)
(83, 18)
(5, 37)
(10, 56)
(8, 3)
(70, 2)
(17, 62)
(12, 60)
(19, 54)
(21, 24)
(63, 2)
(85, 1)
(26, 49)
(17, 89)
(74, 19)
(5, 98)
(24, 51)
(33, 46)
(12, 16)
(46, 26)
(54, 58)
(94, 22)
(5, 94)
(32, 98)
(11, 66)
(32, 71)
(88, 30)
(25, 57)
(2, 33)
(31, 77)
(5, 42)
(25, 78)
(6, 3)
(67, 6)
(70, 7)
(8, 23)
(96, 5)
(29, 90)
(53, 23)
(6, 47)
(63, 24)
(3, 58)
(21, 8)
(21, 69)
(32, 22)
(5, 79)
(21, 79)
(20, 60)
(87, 6)
(29, 16)
(18, 31)
(33, 28)
(56, 23)
(67, 7)
(28, 85)
(69, 25)
(77, 15)
(22, 9)
(47, 46)
(55, 28)
(8, 21)
(20, 2)
(37, 7)
(54, 8)
(32, 90)
(64, 18)
(79, 32)
(97, 20)
(31, 69)
(97, 10)
(11, 29)
(34, 18)
(33, 31)
(29, 31)
(34, 29)
(84, 26)
(20, 31)
(66, 10)
(39, 89)
(9, 85)
(30, 74)
(16, 80)
(67, 14)
(75, 13)
(6, 66)
(10, 27)
(47, 26)
(96, 1)
(85, 8)
(9, 63)
(50, 18)
(94, 16)
(60, 30)
(1, 12)
(40, 37)
(100, 56)
(70, 28)
(74, 4)
(17, 7)
(6, 30)
(6, 70)
(21, 1)
(41, 17)
(49, 31)
(22, 76)
(35, 22)
(86, 22)
(15, 77)
(55, 23)
(52, 30)
(69, 18)
(42, 24)
(57, 93)
(9, 20)
(90, 29)
(39, 24)
(57, 4)
(12, 70)
(17, 56)
(6, 18)
(32, 96)
(17, 13)
(92, 4)
(64, 15)
(82, 32)
(49, 20)
(13, 89)
(6, 28)
(28, 95)
(99, 4)
(13, 9)
(96, 11)
(19, 14)
(28, 56)
(84, 30)
(97, 8)
(56, 3)
(41, 7)
(27, 5)
(66, 11)
(50, 17)
(84, 18)
(17, 93)
(7, 35)
(13, 30)
(69, 28)
(14, 13)
(76, 20)
(10, 87)
(14, 5)
(47, 6)
(99, 10)
(29, 41)
(16, 41)
(18, 64)
(26, 81)
(14, 29)
(31, 90)
(83, 42)
(77, 29)
(18, 88)
(10, 96)
(90, 13)
(32, 34)
(17, 80)
(50, 22)
(57, 75)
(84, 32)
(25, 53)
(77, 7)
(7, 16)
(6, 33)
(37, 32)
(30, 45)
(18, 6)
(18, 55)
(15, 71)
(32, 17)
(59, 8)
(47, 16)
(13, 1)
(32, 33)
(99, 30)
(12, 40)
(4, 15)
(35, 92)
(7, 79)
(18, 63)
(27, 32)
(87, 22)
(20, 33)
(55, 12)
(14, 66)
(49, 44)
(35, 11)
(13, 68)
(12, 83)
(2, 46)
(31, 16)
(54, 7)
(27, 99)
(44, 3)
(2, 6)
(4, 3)
(84, 74)
(29, 77)
(100, 23)
(32, 36)
(8, 92)
(12, 1)
(58, 21)
(40, 14)
(14, 40)
(28, 46)
(22, 32)
(31, 75)
(24, 67)
(35, 6)
(73, 31)
(7, 63)
(24, 90)
(98, 32)
(18, 50)
(83, 12)
(26, 87)
(1, 24)
(14, 89)
(45, 98)
(27, 2)
(5, 55)
(9, 94)
(52, 13)
(30, 88)
(9, 6)
(2, 72)
(71, 1)
(90, 32)
(25, 58)
(17, 29)
(27, 44)
(54, 19)
(33, 54)
(57, 6)
(40, 11)
(18, 97)
(13, 78)
(78, 5)
(10, 38)
(20, 62)
(25, 36)
(64, 13)
(12, 73)
(32, 28)
(2, 71)
(3, 94)
(22, 86)
(13, 57)
(19, 57)
(100, 19)
(7, 67)
(31, 81)
(9, 28)
(94, 90)
(80, 14)
(63, 28)
(46, 4)
(14, 97)
(23, 61)
(42, 26)
(12, 58)
(58, 54)
(82, 19)
(9, 31)
(24, 92)
(9, 72)
(30, 58)
(15, 73)
(27, 95)
(74, 9)
(10, 63)
(35, 5)
(1, 46)
(28, 84)
(65, 8)
(26, 36)
(28, 49)
(8, 85)
(22, 35)
(25, 55)
(14, 62)
(14, 41)
(84, 3)
(100, 15)
(31, 46)
(28, 35)
(48, 27)
(71, 21)
(86, 28)
(24, 12)
(91, 21)
(30, 52)
(95, 15)
(18, 39)
(26, 84)
(79, 2)
(11, 67)
(21, 74)
(22, 94)
(9, 33)
(24, 32)
(30, 1)
(42, 20)
(30, 26)
(11, 61)
(15, 67)
(30, 94)
(21, 58)
(32, 43)
(61, 12)
(41, 4)
(1, 32)
(44, 49)
(68, 17)
(2, 40)
(19, 91)
(25, 96)
(2, 60)
(40, 12)
(46, 1)
(7, 60)
(45, 10)
(64, 30)
(75, 2)
(32, 26)
(100, 31)
(8, 52)
(23, 54)
(49, 28)
(62, 11)
(47, 21)
(84, 10)
(3, 75)
(17, 41)
(69, 20)
(75, 29)
(32, 84)
(15, 66)
(11, 27)
(71, 32)
(19, 69)
(8, 33)
(71, 17)
(75, 15)
(27, 100)
(26, 100)
(86, 16)
(28, 86)
(26, 28)
(10, 1)
(35, 36)
(47, 22)
(24, 34)
(11, 97)
(60, 12)
(70, 20)
(63, 8)
(99, 18)
(26, 67)
(19, 53)
(40, 15)
(32, 54)
(41, 2)
(19, 74)
(36, 13)
(1, 40)
(42, 6)
(26, 51)
(23, 92)
(8, 47)
(10, 97)
(67, 13)
(22, 24)
(13, 81)
(7, 89)
(5, 80)
(8, 38)
(11, 35)
(31, 22)
(29, 65)
(2, 10)
(88, 18)
(87, 27)
(76, 22)
(73, 12)
(12, 61)
(23, 51)
(27, 36)
(6, 81)
(20, 42)
(23, 12)
(34, 5)
(21, 60)
(10, 65)
(31, 2)
(19, 100)
(3, 77)
(41, 14)
(90, 94)
(25, 62)
(29, 14)
(24, 82)
(7, 64)
(9, 22)
(91, 1)
(16, 47)
(14, 60)
(30, 79)
(33, 2)
(28, 70)
(43, 92)
(94, 29)
(60, 14)
(16, 26)
(2, 63)
(84, 11)
(62, 33)
(97, 1)
(57, 45)
(29, 46)
(15, 27)
(87, 32)
(2, 41)
(27, 89)
(50, 96)
(61, 59)
(58, 28)
(43, 18)
(8, 5)
(82, 2)
(46, 5)
(55, 3)
(17, 65)
(82, 23)
(25, 100)
(21, 5)
(77, 27)
(45, 11)
(47, 18)
(60, 21)
(36, 27)
(11, 84)
(32, 50)
(80, 24)
(24, 50)
(74, 27)
(10, 54)
(81, 16)
(90, 58)
(98, 14)
(75, 57)
(44, 18)
(70, 16)
(34, 15)
(6, 57)
(55, 7)
(77, 31)
(23, 24)
(55, 56)
(5, 25)
(54, 22)
(63, 14)
(91, 16)
(39, 18)
(78, 25)
(51, 30)
(32, 77)
(36, 26)
(57, 25)
(33, 16)
(1, 26)
(66, 20)
(13, 17)
(19, 31)
(85, 27)
(57, 13)
(1, 71)
(78, 20)
(44, 27)
(7, 54)
(60, 2)
(79, 22)
(65, 6)
(20, 59)
(48, 26)
(12, 93)
(37, 65)
(21, 47)
(53, 30)
(16, 67)
(1, 65)
(4, 71)
(92, 24)
(52, 8)
(12, 96)
(41, 20)
(17, 71)
(31, 12)
(35, 32)
(1, 17)
(31, 56)
(26, 42)
(27, 34)
(22, 31)
(12, 72)
(19, 32)
(61, 23)
(78, 13)
(12, 88)
(11, 75)
(95, 11)
(14, 79)
(11, 40)
(21, 77)
(32, 20)
(21, 88)
(57, 10)
(28, 92)
(99, 6)
(26, 15)
(18, 47)
(84, 24)
(12, 62)
(27, 59)
(22, 64)
(15, 34)
(17, 36)
(14, 26)
(45, 7)
(92, 35)
(3, 30)
(5, 10)
(23, 69)
(29, 37)
(9, 73)
(46, 18)
(5, 66)
(16, 93)
(25, 39)
(1, 56)
(11, 51)
(24, 87)
(82, 6)
(43, 32)
(7, 45)
(81, 17)
(21, 93)
(19, 72)
(24, 36)
(24, 63)
(13, 100)
(6, 84)
(12, 15)
(18, 54)
(17, 57)
(79, 5)
(6, 29)
(25, 70)
(28, 9)
(26, 47)
(58, 12)
(5, 29)
(38, 28)
(15, 75)
(65, 1)
(59, 33)
(6, 86)
(33, 17)
(31, 83)
(62, 29)
(84, 6)
(30, 53)
(33, 30)
(5, 92)
(36, 17)
(33, 20)
(26, 29)
(37, 29)
(80, 3)
(21, 83)
(19, 13)
(11, 74)
(37, 40)
(30, 29)
(92, 6)
(15, 5)
(8, 63)
(32, 40)
(31, 9)
(37, 13)
(23, 42)
(55, 17)
(18, 67)
(4, 90)
(24, 84)
(82, 5)
(18, 40)
(78, 29)
(11, 85)
(56, 55)
(79, 3)
(66, 14)
(80, 22)
(67, 11)
(13, 75)
(35, 33)
(20, 69)
(77, 19)
(40, 2)
(23, 55)
(7, 13)
(41, 16)
(20, 100)
(4, 41)
(13, 6)
(46, 29)
(81, 13)
(21, 65)
(74, 11)
(11, 62)
(15, 98)
(97, 12)
(15, 26)
(42, 83)
(29, 60)
(11, 95)
(1, 97)
(44, 25)
(32, 97)
(48, 7)
(23, 84)
(89, 13)
(28, 55)
(55, 2)
(92, 23)
(6, 44)
(15, 44)
(22, 71)
(8, 54)
(34, 14)
(54, 17)
(29, 11)
(91, 2)
(28, 2)
(15, 2)
(59, 24)
(3, 63)
(3, 6)
(28, 33)
(58, 32)
(14, 76)
(24, 21)
(46, 2)
(77, 21)
(22, 70)
(83, 9)
(59, 32)
(53, 24)
(15, 47)
(37, 5)
(11, 96)
(96, 32)
(12, 97)
(19, 40)
(45, 30)
(49, 17)
(17, 68)
(26, 64)
(60, 32)
(48, 57)
(43, 25)
(19, 52)
(29, 55)
(6, 99)
(92, 20)
(17, 32)
(81, 15)
(6, 4)
(55, 16)
(13, 48)
(20, 28)
(14, 69)
(33, 15)
(73, 78)
(56, 21)
(8, 32)
(7, 34)
(33, 48)
(11, 31)
(74, 1)
(7, 70)
(27, 11)
(60, 13)
(32, 39)
(21, 63)
(75, 30)
(2, 58)
(47, 15)
(35, 17)
(60, 38)
(18, 11)
(5, 34)
(7, 17)
(12, 37)
(22, 60)
(32, 5)
(11, 93)
(77, 32)
(69, 73)
(6, 49)
(56, 8)
(59, 20)
(86, 14)
(1, 57)
(19, 90)
(89, 15)
(51, 17)
(16, 60)
(24, 31)
(35, 24)
(8, 76)
(15, 86)
(20, 92)
(24, 1)
(13, 95)
(70, 17)
(40, 17)
(14, 34)
(21, 84)
(68, 70)
(16, 1)
(4, 60)
(2, 82)
(86, 20)
(33, 43)
(34, 32)
(76, 10)
(17, 43)
(5, 45)
(38, 16)
(21, 43)
(67, 28)
(79, 30)
(93, 57)
(16, 31)
(73, 15)
(71, 19)
(12, 33)
(96, 25)
(22, 82)
(76, 19)
(11, 69)
(84, 5)
(5, 75)
(10, 47)
(67, 26)
(82, 3)
(6, 22)
(1, 25)
(11, 64)
(71, 15)
(23, 95)
(25, 90)
(19, 46)
(1, 91)
(38, 18)
(71, 4)
(56, 100)
(56, 26)
(29, 39)
(96, 50)
(94, 1)
(37, 25)
(5, 27)
(3, 33)
(96, 20)
(4, 31)
(48, 64)
(3, 73)
(85, 26)
(19, 76)
(1, 10)
(29, 5)
(57, 48)
(15, 61)
(99, 27)
(25, 49)
(23, 16)
(18, 90)
(47, 30)
(3, 80)
(15, 53)
(4, 49)
(6, 78)
(2, 28)
(67, 18)
(79, 81)
(20, 35)
(18, 34)
(62, 10)
(48, 30)
(75, 3)
(15, 95)
(65, 21)
(96, 23)
(17, 50)
(95, 4)
(63, 21)
(23, 31)
(89, 23)
(69, 5)
(63, 30)
(7, 92)
(73, 4)
(18, 51)
(14, 63)
(3, 43)
(59, 1)
(80, 21)
(15, 89)
(96, 10)
(63, 10)
(37, 10)
(60, 22)
(33, 35)
(29, 78)
(66, 15)
(25, 13)
(30, 11)
(26, 93)
(61, 2)
(75, 18)
(27, 19)
(18, 43)
(6, 35)
(27, 87)
(67, 16)
(28, 67)
(57, 67)
(22, 61)
(3, 56)
(16, 50)
(23, 96)
(74, 84)
(17, 30)
(4, 37)
(56, 2)
(1, 83)
(81, 26)
(51, 88)
(4, 2)
(60, 4)
(3, 4)
(65, 17)
(31, 18)
(61, 29)
(3, 52)
(67, 15)
(37, 16)
(8, 97)
(24, 89)
(3, 44)
(28, 29)
(36, 32)
(28, 38)
(68, 13)
(16, 79)
(61, 3)
(68, 9)
(4, 14)
(34, 28)
(51, 8)
(40, 5)
(87, 10)
(11, 22)
(4, 57)
(83, 3)
(17, 49)
(21, 96)
(74, 18)
(98, 5)
(22, 47)
(3, 61)
(27, 74)
(4, 10)
(77, 3)
(72, 2)
(24, 39)
(27, 20)
(31, 65)
(13, 74)
(5, 78)
(82, 21)
(23, 89)
(5, 88)
(21, 99)
(47, 2)
(39, 25)
(80, 25)
(30, 3)
(57, 27)
(24, 80)
(79, 14)
(73, 20)
(28, 78)
(15, 84)
(53, 1)
(26, 85)
(8, 81)
(16, 20)
(100, 27)
(9, 66)
(6, 65)
(48, 6)
(8, 12)
(52, 3)
(25, 3)
(93, 6)
(15, 93)
(8, 80)
(28, 20)
(39, 27)
(27, 72)
(31, 55)
(14, 80)
(33, 62)
(29, 51)
(67, 24)
(3, 91)
(81, 31)
(26, 1)
(78, 7)
(26, 13)
(29, 85)
(9, 53)
(3, 57)
(33, 8)
(12, 63)
(29, 44)
(7, 77)
(83, 31)
(7, 8)
(79, 27)
(10, 66)
(22, 21)
(13, 25)
(90, 2)
(3, 72)
(70, 12)
(25, 8)
(40, 18)
(20, 53)
(56, 10)
(39, 30)
(26, 45)
(14, 45)
(19, 26)
(42, 23)
(6, 82)
(45, 26)
(46, 28)
(6, 67)
(56, 31)
(94, 25)
(3, 83)
(23, 82)
(13, 67)
(17, 99)
(91, 50)
(25, 30)
(5, 35)
(11, 77)
(88, 19)
(36, 20)
(85, 12)
(1, 59)
(35, 30)
(31, 14)
(5, 67)
(16, 55)
(79, 16)
(27, 55)
(26, 16)
(58, 90)
(7, 73)
(30, 60)
(4, 79)
(20, 70)
(2, 38)
(9, 13)
(32, 35)
(24, 81)
(52, 27)
(55, 18)
(22, 80)
(22, 17)
(96, 15)
(98, 45)
(88, 5)
(8, 65)
(29, 62)
(78, 28)
(20, 16)
(30, 63)
(94, 68)
(91, 19)
(10, 84)
(54, 15)
(100, 16)
(3, 54)
(89, 14)
(32, 37)
(32, 11)
(20, 96)
(37, 12)
(61, 32)
(43, 3)
(18, 46)
(4, 34)
(1, 85)
(95, 26)
(34, 33)
(37, 31)
(35, 7)
(73, 8)
(99, 21)
(38, 10)
(2, 66)
(50, 70)
(45, 1)
(10, 76)
(15, 54)
(30, 64)
(90, 24)
(5, 20)
(8, 73)
(55, 10)
(60, 17)
(100, 26)
(13, 71)
(31, 63)
(21, 18)
(20, 86)
(13, 7)
(20, 76)
(27, 15)
(16, 72)
(51, 29)
(53, 6)
(20, 73)
(32, 8)
(15, 64)
(1, 53)
(12, 52)
(9, 97)
(92, 7)
(27, 43)
(32, 82)
(69, 26)
(10, 72)
(100, 14)
(22, 74)
(8, 28)
(33, 3)
(9, 45)
(90, 18)
(12, 51)
(15, 80)
(71, 2)
(30, 25)
(19, 27)
(3, 18)
(99, 24)
(30, 13)
(15, 30)
(89, 28)
(1, 21)
(89, 7)
(42, 5)
(11, 44)
(2, 61)
(25, 76)
(88, 12)
(2, 15)
(15, 25)
(10, 4)
(8, 9)
(64, 20)
(32, 59)
(31, 29)
(44, 9)
(24, 23)
(21, 64)
(58, 82)
(6, 87)
(16, 12)
(98, 15)
(14, 86)
(12, 85)
(4, 77)
(74, 88)
(27, 77)
(26, 14)
(34, 7)
(71, 29)
(65, 37)
(18, 37)
(17, 55)
(22, 29)
(46, 19)
(47, 27)
(56, 33)
(32, 57)
(55, 29)
(62, 7)
(18, 60)
(21, 72)
(29, 17)
(8, 50)
(55, 63)
(31, 57)
(46, 31)
(43, 27)
(20, 41)
(24, 8)
(38, 6)
(21, 7)
(15, 100)
(74, 21)
(64, 31)
(12, 29)
(62, 14)
(93, 21)
(90, 4)
(30, 99)
(36, 24)
(32, 60)
(79, 20)
(18, 83)
(97, 18)
(30, 28)
(20, 49)
(9, 8)
(8, 56)
(34, 57)
(52, 15)
(73, 29)
(5, 69)
(18, 99)
(2, 43)
(23, 58)
(97, 9)
(8, 69)
(59, 49)
(76, 2)
(99, 9)
(43, 21)
(38, 60)
(86, 26)
(19, 84)
(21, 80)
(38, 2)
(63, 12)
(39, 29)
(49, 25)
(1, 94)
(34, 4)
(20, 36)
(97, 4)
(6, 2)
(17, 81)
(57, 34)
(71, 22)
(73, 9)
(92, 43)
(67, 17)
(87, 26)
(32, 45)
(68, 16)
(10, 45)
(99, 17)
(46, 33)
(8, 24)
(12, 7)
(17, 96)
(20, 64)
(89, 24)
(22, 84)
(28, 30)
(23, 70)
(16, 86)
(83, 8)
(27, 39)
(21, 66)
(64, 26)
(33, 12)
(81, 8)
(61, 22)
(78, 6)
(83, 14)
(4, 66)
(5, 93)
(13, 69)
(24, 22)
(9, 64)
(50, 91)
(92, 8)
(23, 80)
(27, 47)
(1, 30)
(22, 30)
(49, 59)
(53, 15)
(12, 23)
(97, 32)
(78, 73)
(29, 7)
(63, 3)
(22, 79)
(27, 41)
(17, 22)
(80, 23)
(29, 76)
(7, 31)
(10, 5)
(22, 93)
(61, 31)
(74, 22)
(13, 90)
(39, 6)
(30, 15)
(14, 31)
(20, 78)
(30, 75)
(36, 35)
(72, 7)
(15, 4)
(40, 29)
(6, 42)
(15, 12)
(29, 34)
(73, 7)
(33, 6)
(15, 99)
(93, 5)
(54, 10)
(26, 46)
(60, 18)
(5, 96)
(22, 50)
(8, 62)
(2, 79)
(7, 2)
(12, 31)
(65, 20)
(3, 14)
(98, 31)
(20, 40)
(31, 49)
(56, 28)
(64, 10)
(15, 52)
(72, 9)
(32, 10)
(31, 84)
(16, 100)
(69, 31)
(34, 26)
(32, 79)
(13, 36)
(49, 65)
(22, 87)
(21, 36)
(44, 32)
(63, 9)
(58, 3)
(28, 69)
(27, 57);

set L := 6
12
2
16
3
22
8
5
9
23
24
18
21
14
13
4
15
19
1
20
17
11
25
10
7;

set EL[1] :=
(34, 57)
(57, 34)
(23, 96)
(96, 23)
(55, 63)
(63, 55)
(57, 45)
(45, 57)
(17, 86)
(86, 17)
(91, 5)
(5, 91)
(1, 56)
(56, 1)
(2, 58)
(58, 2)
(2, 71)
(71, 2)
(2, 72)
(72, 2)
(3, 25)
(25, 3)
(3, 56)
(56, 3)
(3, 73)
(73, 3)
(4, 74)
(74, 4)
(5, 10)
(10, 5)
(5, 83)
(83, 5)
(6, 28)
(28, 6)
(7, 8)
(8, 7)
(7, 16)
(16, 7)
(8, 32)
(32, 8)
(11, 44)
(44, 11)
(11, 85)
(85, 11)
(12, 72)
(72, 12)
(13, 58)
(58, 13)
(16, 23)
(23, 16)
(16, 72)
(72, 16)
(17, 33)
(33, 17)
(17, 96)
(96, 17)
(21, 24)
(24, 21)
(22, 50)
(50, 22)
(23, 69)
(69, 23)
(24, 36)
(36, 24)
(30, 51)
(51, 30)
(30, 88)
(88, 30)
(32, 50)
(50, 32)
(32, 79)
(79, 32);

set EL[2] :=
(44, 49)
(49, 44)
(42, 24)
(24, 42)
(56, 55)
(55, 56)
(1, 14)
(14, 1)
(2, 6)
(6, 2)
(2, 20)
(20, 2)
(3, 8)
(8, 3)
(3, 21)
(21, 3)
(4, 67)
(67, 4)
(4, 90)
(90, 4)
(6, 48)
(48, 6)
(6, 70)
(70, 6)
(7, 37)
(37, 7)
(8, 56)
(56, 8)
(8, 76)
(76, 8)
(10, 26)
(26, 10)
(10, 62)
(62, 10)
(10, 64)
(64, 10)
(12, 56)
(56, 12)
(12, 60)
(60, 12)
(14, 41)
(41, 14)
(15, 18)
(18, 15)
(15, 59)
(59, 15)
(15, 91)
(91, 15)
(15, 96)
(96, 15)
(16, 70)
(70, 16)
(16, 86)
(86, 16)
(17, 29)
(29, 17)
(18, 60)
(60, 18)
(21, 22)
(22, 21)
(21, 82)
(82, 21)
(22, 38)
(38, 22)
(22, 61)
(61, 22)
(23, 55)
(55, 23)
(25, 49)
(49, 25)
(25, 80)
(80, 25)
(28, 78)
(78, 28)
(29, 31)
(31, 29)
(29, 77)
(77, 29)
(29, 90)
(90, 29)
(31, 49)
(49, 31)
(32, 96)
(96, 32)
(33, 35)
(35, 33);

set EL[3] :=
(10, 86)
(86, 10)
(44, 18)
(18, 44)
(16, 33)
(33, 16)
(20, 62)
(62, 20)
(4, 71)
(71, 4)
(37, 65)
(65, 37)
(51, 88)
(88, 51)
(1, 67)
(67, 1)
(2, 63)
(63, 2)
(2, 66)
(66, 2)
(3, 6)
(6, 3)
(3, 33)
(33, 3)
(3, 57)
(57, 3)
(3, 80)
(80, 3)
(4, 60)
(60, 4)
(4, 73)
(73, 4)
(5, 96)
(96, 5)
(6, 49)
(49, 6)
(6, 84)
(84, 6)
(6, 93)
(93, 6)
(7, 25)
(25, 7)
(7, 73)
(73, 7)
(7, 79)
(79, 7)
(8, 9)
(9, 8)
(8, 28)
(28, 8)
(10, 63)
(63, 10)
(11, 62)
(62, 11)
(12, 70)
(70, 12)
(12, 96)
(96, 12)
(15, 75)
(75, 15)
(15, 84)
(84, 15)
(15, 86)
(86, 15)
(15, 92)
(92, 15)
(17, 30)
(30, 17)
(18, 75)
(75, 18)
(19, 84)
(84, 19)
(20, 32)
(32, 20)
(20, 69)
(69, 20)
(23, 41)
(41, 23)
(25, 39)
(39, 25)
(25, 44)
(44, 25)
(25, 90)
(90, 25)
(26, 28)
(28, 26)
(26, 34)
(34, 26)
(27, 74)
(74, 27)
(31, 75)
(75, 31)
(32, 57)
(57, 32)
(32, 82)
(82, 32);

set EL[4] :=
(58, 90)
(90, 58)
(31, 55)
(55, 31)
(70, 50)
(50, 70)
(1, 45)
(45, 1)
(1, 59)
(59, 1)
(2, 41)
(41, 2)
(2, 55)
(55, 2)
(5, 14)
(14, 5)
(5, 20)
(20, 5)
(5, 69)
(69, 5)
(6, 22)
(22, 6)
(7, 89)
(89, 7)
(8, 52)
(52, 8)
(9, 63)
(63, 9)
(11, 37)
(37, 11)
(11, 96)
(96, 11)
(12, 37)
(37, 12)
(15, 30)
(30, 15)
(16, 29)
(29, 16)
(16, 47)
(47, 16)
(17, 49)
(49, 17)
(17, 60)
(60, 17)
(18, 21)
(21, 18)
(19, 54)
(54, 19)
(22, 24)
(24, 22)
(22, 84)
(84, 22)
(23, 80)
(80, 23)
(23, 95)
(95, 23)
(24, 67)
(67, 24)
(25, 62)
(62, 25)
(26, 93)
(93, 26)
(27, 41)
(41, 27)
(28, 30)
(30, 28)
(29, 41)
(41, 29)
(29, 44)
(44, 29)
(30, 75)
(75, 30)
(31, 65)
(65, 31);

set EL[5] :=
(59, 61)
(61, 59)
(17, 43)
(43, 17)
(3, 44)
(44, 3)
(4, 14)
(14, 4)
(5, 21)
(21, 5)
(7, 31)
(31, 7)
(7, 48)
(48, 7)
(8, 38)
(38, 8)
(8, 77)
(77, 8)
(10, 37)
(37, 10)
(11, 29)
(29, 11)
(11, 64)
(64, 11)
(12, 83)
(83, 12)
(14, 86)
(86, 14)
(18, 43)
(43, 18)
(18, 63)
(63, 18)
(19, 46)
(46, 19)
(27, 87)
(87, 27)
(27, 95)
(95, 27)
(28, 38)
(38, 28)
(29, 30)
(30, 29)
(29, 78)
(78, 29)
(30, 45)
(45, 30)
(31, 61)
(61, 31)
(32, 39)
(39, 32)
(32, 60)
(60, 32);

set EL[6] :=
(16, 60)
(60, 16)
(53, 6)
(6, 53)
(28, 17)
(17, 28)
(65, 78)
(78, 65)
(1, 85)
(85, 1)
(3, 4)
(4, 3)
(4, 53)
(53, 4)
(5, 75)
(75, 5)
(5, 92)
(92, 5)
(6, 33)
(33, 6)
(6, 78)
(78, 6)
(7, 41)
(41, 7)
(7, 67)
(67, 7)
(9, 64)
(64, 9)
(9, 72)
(72, 9)
(9, 94)
(94, 9)
(11, 66)
(66, 11)
(13, 48)
(48, 13)
(13, 89)
(89, 13)
(14, 30)
(30, 14)
(14, 89)
(89, 14)
(14, 100)
(100, 14)
(15, 26)
(26, 15)
(16, 31)
(31, 16)
(17, 51)
(51, 17)
(17, 89)
(89, 17)
(18, 34)
(34, 18)
(18, 74)
(74, 18)
(19, 72)
(72, 19)
(20, 42)
(42, 20)
(21, 79)
(79, 21)
(22, 30)
(30, 22)
(23, 84)
(84, 23)
(24, 80)
(80, 24)
(24, 81)
(81, 24)
(26, 32)
(32, 26)
(26, 73)
(73, 26)
(26, 100)
(100, 26)
(27, 57)
(57, 27)
(29, 71)
(71, 29)
(30, 53)
(53, 30)
(31, 33)
(33, 31)
(32, 34)
(34, 32)
(33, 56)
(56, 33);

set EL[7] :=
(25, 94)
(94, 25)
(52, 13)
(13, 52)
(35, 92)
(92, 35)
(1, 30)
(30, 1)
(1, 74)
(74, 1)
(2, 33)
(33, 2)
(2, 43)
(43, 2)
(3, 60)
(60, 3)
(5, 25)
(25, 5)
(6, 57)
(57, 6)
(11, 30)
(30, 11)
(12, 24)
(24, 12)
(13, 75)
(75, 13)
(14, 38)
(38, 14)
(16, 37)
(37, 16)
(16, 80)
(80, 16)
(16, 93)
(93, 16)
(17, 68)
(68, 17)
(18, 85)
(85, 18)
(20, 47)
(47, 20)
(24, 50)
(50, 24)
(27, 60)
(60, 27)
(27, 89)
(89, 27)
(28, 32)
(32, 28)
(28, 67)
(67, 28)
(28, 95)
(95, 28)
(32, 87)
(87, 32)
(32, 98)
(98, 32);

set EL[8] :=
(41, 48)
(48, 41)
(47, 46)
(46, 47)
(92, 43)
(43, 92)
(84, 30)
(30, 84)
(59, 27)
(27, 59)
(58, 54)
(54, 58)
(12, 51)
(51, 12)
(1, 25)
(25, 1)
(4, 97)
(97, 4)
(5, 34)
(34, 5)
(8, 50)
(50, 8)
(8, 59)
(59, 8)
(10, 38)
(38, 10)
(10, 72)
(72, 10)
(10, 96)
(96, 10)
(11, 35)
(35, 11)
(12, 16)
(16, 12)
(14, 93)
(93, 14)
(15, 49)
(49, 15)
(17, 62)
(62, 17)
(17, 71)
(71, 17)
(17, 99)
(99, 17)
(18, 39)
(39, 18)
(18, 67)
(67, 18)
(18, 97)
(97, 18)
(19, 40)
(40, 19)
(19, 50)
(50, 19)
(19, 57)
(57, 19)
(19, 91)
(91, 19)
(20, 28)
(28, 20)
(20, 33)
(33, 20)
(20, 35)
(35, 20)
(21, 69)
(69, 21)
(22, 29)
(29, 22)
(24, 31)
(31, 24)
(24, 89)
(89, 24)
(25, 100)
(100, 25)
(26, 69)
(69, 26)
(27, 39)
(39, 27)
(28, 34)
(34, 28)
(32, 67)
(67, 32)
(33, 52)
(52, 33);

set EL[9] :=
(95, 100)
(100, 95)
(45, 98)
(98, 45)
(77, 31)
(31, 77)
(100, 23)
(23, 100)
(2, 60)
(60, 2)
(3, 72)
(72, 3)
(3, 82)
(82, 3)
(3, 83)
(83, 3)
(4, 10)
(10, 4)
(5, 17)
(17, 5)
(5, 84)
(84, 5)
(6, 99)
(99, 6)
(7, 55)
(55, 7)
(7, 70)
(70, 7)
(8, 80)
(80, 8)
(9, 31)
(31, 9)
(15, 25)
(25, 15)
(15, 77)
(77, 15)
(16, 20)
(20, 16)
(16, 36)
(36, 16)
(16, 55)
(55, 16)
(16, 99)
(99, 16)
(17, 22)
(22, 17)
(17, 65)
(65, 17)
(17, 72)
(72, 17)
(19, 32)
(32, 19)
(21, 36)
(36, 21)
(21, 71)
(71, 21)
(22, 71)
(71, 22)
(22, 86)
(86, 22)
(23, 58)
(58, 23)
(24, 32)
(32, 24)
(24, 51)
(51, 24)
(24, 87)
(87, 24)
(27, 85)
(85, 27)
(27, 99)
(99, 27)
(29, 87)
(87, 29)
(31, 84)
(84, 31)
(32, 37)
(37, 32);

set EL[10] :=
(48, 57)
(57, 48)
(3, 63)
(63, 3)
(2, 7)
(7, 2)
(3, 30)
(30, 3)
(3, 91)
(91, 3)
(4, 49)
(49, 4)
(5, 32)
(32, 5)
(6, 47)
(47, 6)
(7, 77)
(77, 7)
(8, 69)
(69, 8)
(8, 73)
(73, 8)
(8, 83)
(83, 8)
(9, 74)
(74, 9)
(10, 57)
(57, 10)
(11, 25)
(25, 11)
(11, 32)
(32, 11)
(11, 51)
(51, 11)
(12, 23)
(23, 12)
(14, 19)
(19, 14)
(14, 62)
(62, 14)
(14, 63)
(63, 14)
(15, 33)
(33, 15)
(17, 57)
(57, 17)
(19, 31)
(31, 19)
(21, 65)
(65, 21)
(21, 83)
(83, 21)
(22, 47)
(47, 22)
(22, 64)
(64, 22)
(23, 42)
(42, 23)
(24, 92)
(92, 24)
(25, 78)
(78, 25)
(27, 44)
(44, 27)
(27, 48)
(48, 27)
(29, 62)
(62, 29);

set EL[11] :=
(76, 29)
(29, 76)
(88, 74)
(74, 88)
(6, 42)
(42, 6)
(1, 24)
(24, 1)
(1, 26)
(26, 1)
(1, 84)
(84, 1)
(2, 31)
(31, 2)
(2, 90)
(90, 2)
(4, 31)
(31, 4)
(6, 82)
(82, 6)
(7, 17)
(17, 7)
(7, 63)
(63, 7)
(11, 45)
(45, 11)
(11, 61)
(61, 11)
(12, 63)
(63, 12)
(12, 88)
(88, 12)
(14, 34)
(34, 14)
(15, 64)
(64, 15)
(15, 66)
(66, 15)
(17, 35)
(35, 17)
(17, 40)
(40, 17)
(18, 86)
(86, 18)
(20, 86)
(86, 20)
(21, 60)
(60, 21)
(23, 24)
(24, 23)
(23, 82)
(82, 23)
(24, 63)
(63, 24)
(25, 69)
(69, 25)
(25, 70)
(70, 25)
(26, 45)
(45, 26)
(26, 95)
(95, 26)
(27, 32)
(32, 27)
(27, 43)
(43, 27)
(30, 60)
(60, 30)
(31, 37)
(37, 31)
(31, 57)
(57, 31)
(31, 64)
(64, 31)
(31, 95)
(95, 31)
(32, 43)
(43, 32);

set EL[12] :=
(67, 57)
(57, 67)
(11, 31)
(31, 11)
(2, 4)
(4, 2)
(2, 83)
(83, 2)
(4, 99)
(99, 4)
(6, 30)
(30, 6)
(6, 81)
(81, 6)
(7, 21)
(21, 7)
(9, 19)
(19, 9)
(9, 33)
(33, 9)
(10, 87)
(87, 10)
(12, 15)
(15, 12)
(12, 19)
(19, 12)
(12, 29)
(29, 12)
(12, 31)
(31, 12)
(12, 40)
(40, 12)
(13, 64)
(64, 13)
(13, 68)
(68, 13)
(15, 40)
(40, 15)
(15, 60)
(60, 15)
(16, 81)
(81, 16)
(16, 94)
(94, 16)
(16, 100)
(100, 16)
(17, 32)
(32, 17)
(17, 52)
(52, 17)
(18, 46)
(46, 18)
(19, 26)
(26, 19)
(20, 27)
(27, 20)
(20, 66)
(66, 20)
(20, 73)
(73, 20)
(21, 25)
(25, 21)
(21, 80)
(80, 21)
(22, 70)
(70, 22)
(22, 76)
(76, 22)
(22, 79)
(79, 22)
(24, 53)
(53, 24)
(27, 100)
(100, 27)
(28, 70)
(70, 28)
(29, 55)
(55, 29)
(29, 60)
(60, 29)
(30, 47)
(47, 30)
(30, 52)
(52, 30)
(30, 64)
(64, 30)
(31, 83)
(83, 31)
(32, 40)
(40, 32);

set EL[13] :=
(54, 32)
(32, 54)
(85, 29)
(29, 85)
(65, 49)
(49, 65)
(16, 26)
(26, 16)
(73, 69)
(69, 73)
(45, 32)
(32, 45)
(9, 97)
(97, 9)
(1, 57)
(57, 1)
(1, 71)
(71, 1)
(2, 9)
(9, 2)
(2, 99)
(99, 2)
(3, 43)
(43, 3)
(3, 61)
(61, 3)
(6, 13)
(13, 6)
(7, 34)
(34, 7)
(7, 62)
(62, 7)
(7, 72)
(72, 7)
(9, 44)
(44, 9)
(9, 45)
(45, 9)
(9, 73)
(73, 9)
(9, 83)
(83, 9)
(10, 54)
(54, 10)
(13, 25)
(25, 13)
(13, 57)
(57, 13)
(13, 74)
(74, 13)
(14, 98)
(98, 14)
(15, 62)
(62, 15)
(18, 51)
(51, 18)
(19, 69)
(69, 19)
(20, 49)
(49, 20)
(20, 64)
(64, 20)
(20, 79)
(79, 20)
(21, 74)
(74, 21)
(23, 51)
(51, 23)
(23, 53)
(53, 23)
(25, 57)
(57, 25)
(26, 29)
(29, 26)
(28, 33)
(33, 28)
(32, 44)
(44, 32)
(32, 58)
(58, 32)
(32, 90)
(90, 32);

set EL[14] :=
(87, 22)
(22, 87)
(30, 99)
(99, 30)
(82, 58)
(58, 82)
(40, 1)
(1, 40)
(84, 74)
(74, 84)
(1, 16)
(16, 1)
(1, 17)
(17, 1)
(2, 28)
(28, 2)
(2, 38)
(38, 2)
(3, 84)
(84, 3)
(4, 15)
(15, 4)
(4, 66)
(66, 4)
(5, 55)
(55, 5)
(5, 66)
(66, 5)
(5, 78)
(78, 5)
(6, 15)
(15, 6)
(6, 29)
(29, 6)
(6, 67)
(67, 6)
(8, 25)
(25, 8)
(8, 81)
(81, 8)
(11, 74)
(74, 11)
(13, 14)
(14, 13)
(13, 30)
(30, 13)
(13, 60)
(60, 13)
(14, 80)
(80, 14)
(14, 83)
(83, 14)
(15, 53)
(53, 15)
(15, 98)
(98, 15)
(16, 91)
(91, 16)
(17, 18)
(18, 17)
(17, 41)
(41, 17)
(17, 50)
(50, 17)
(18, 84)
(84, 18)
(19, 74)
(74, 19)
(19, 82)
(82, 19)
(19, 90)
(90, 19)
(20, 65)
(65, 20)
(21, 77)
(77, 21)
(21, 91)
(91, 21)
(24, 82)
(82, 24)
(25, 30)
(30, 25)
(25, 58)
(58, 25)
(26, 48)
(48, 26)
(26, 49)
(49, 26)
(26, 56)
(56, 26)
(27, 55)
(55, 27)
(29, 46)
(46, 29)
(29, 67)
(67, 29);

set EL[15] :=
(36, 35)
(35, 36)
(21, 1)
(1, 21)
(93, 57)
(57, 93)
(49, 59)
(59, 49)
(56, 100)
(100, 56)
(1, 10)
(10, 1)
(3, 95)
(95, 3)
(5, 95)
(95, 5)
(6, 92)
(92, 6)
(7, 12)
(12, 7)
(8, 12)
(12, 8)
(9, 66)
(66, 9)
(11, 40)
(40, 11)
(11, 95)
(95, 11)
(13, 37)
(37, 13)
(14, 40)
(40, 14)
(17, 38)
(38, 17)
(20, 97)
(97, 20)
(21, 96)
(96, 21)
(22, 31)
(31, 22)
(22, 35)
(35, 22)
(22, 54)
(54, 22)
(23, 92)
(92, 23)
(24, 34)
(34, 24)
(27, 47)
(47, 27)
(28, 89)
(89, 28)
(29, 75)
(75, 29)
(30, 63)
(63, 30)
(30, 74)
(74, 30)
(31, 93)
(93, 31)
(31, 98)
(98, 31);

set EL[16] :=
(81, 15)
(15, 81)
(50, 96)
(96, 50)
(30, 48)
(48, 30)
(1, 78)
(78, 1)
(1, 83)
(83, 1)
(2, 56)
(56, 2)
(2, 61)
(61, 2)
(3, 54)
(54, 3)
(5, 42)
(42, 5)
(6, 9)
(9, 6)
(8, 10)
(10, 8)
(8, 51)
(51, 8)
(8, 62)
(62, 8)
(8, 70)
(70, 8)
(10, 32)
(32, 10)
(11, 22)
(22, 11)
(13, 19)
(19, 13)
(14, 97)
(97, 14)
(16, 38)
(38, 16)
(17, 27)
(27, 17)
(17, 93)
(93, 17)
(18, 55)
(55, 18)
(18, 83)
(83, 18)
(20, 31)
(31, 20)
(21, 72)
(72, 21)
(21, 93)
(93, 21)
(23, 54)
(54, 23)
(23, 56)
(56, 23)
(23, 73)
(73, 23)
(24, 84)
(84, 24)
(24, 90)
(90, 24)
(26, 36)
(36, 26)
(26, 72)
(72, 26)
(26, 79)
(79, 26)
(26, 81)
(81, 26)
(26, 85)
(85, 26)
(26, 86)
(86, 26)
(28, 46)
(46, 28)
(28, 69)
(69, 28)
(30, 39)
(39, 30)
(33, 48)
(48, 33)
(33, 59)
(59, 33);

set EL[17] :=
(73, 29)
(29, 73)
(94, 68)
(68, 94)
(50, 91)
(91, 50)
(79, 81)
(81, 79)
(60, 38)
(38, 60)
(49, 28)
(28, 49)
(40, 2)
(2, 40)
(1, 46)
(46, 1)
(2, 76)
(76, 2)
(5, 43)
(43, 5)
(5, 80)
(80, 5)
(5, 82)
(82, 5)
(5, 87)
(87, 5)
(8, 57)
(57, 8)
(10, 33)
(33, 10)
(11, 67)
(67, 11)
(11, 93)
(93, 11)
(12, 55)
(55, 12)
(12, 73)
(73, 12)
(13, 45)
(45, 13)
(13, 81)
(81, 13)
(13, 95)
(95, 13)
(13, 100)
(100, 13)
(14, 29)
(29, 14)
(14, 60)
(60, 14)
(15, 67)
(67, 15)
(15, 73)
(73, 15)
(15, 95)
(95, 15)
(16, 67)
(67, 16)
(19, 52)
(52, 19)
(22, 36)
(36, 22)
(22, 82)
(82, 22)
(23, 70)
(70, 23)
(25, 37)
(37, 25)
(26, 64)
(64, 26)
(28, 35)
(35, 28)
(28, 92)
(92, 28);

set EL[18] :=
(39, 89)
(89, 39)
(17, 80)
(80, 17)
(57, 75)
(75, 57)
(12, 33)
(33, 12)
(13, 1)
(1, 13)
(23, 89)
(89, 23)
(1, 12)
(12, 1)
(2, 3)
(3, 2)
(2, 10)
(10, 2)
(2, 75)
(75, 2)
(3, 52)
(52, 3)
(3, 55)
(55, 3)
(3, 64)
(64, 3)
(4, 46)
(46, 4)
(6, 44)
(44, 6)
(6, 65)
(65, 6)
(8, 61)
(61, 8)
(8, 65)
(65, 8)
(9, 22)
(22, 9)
(9, 28)
(28, 9)
(10, 45)
(45, 10)
(11, 89)
(89, 11)
(12, 93)
(93, 12)
(12, 97)
(97, 12)
(13, 67)
(67, 13)
(13, 90)
(90, 13)
(18, 88)
(88, 18)
(19, 77)
(77, 19)
(20, 36)
(36, 20)
(20, 60)
(60, 20)
(20, 76)
(76, 20)
(20, 88)
(88, 20)
(20, 100)
(100, 20)
(21, 56)
(56, 21)
(21, 58)
(58, 21)
(22, 32)
(32, 22)
(22, 80)
(80, 22)
(24, 35)
(35, 24)
(25, 55)
(55, 25)
(26, 97)
(97, 26)
(28, 58)
(58, 28)
(28, 63)
(63, 28)
(29, 65)
(65, 29)
(29, 94)
(94, 29)
(30, 69)
(69, 30)
(31, 81)
(81, 31)
(32, 61)
(61, 32)
(33, 43)
(43, 33);

set EL[19] :=
(19, 100)
(100, 19)
(14, 26)
(26, 14)
(28, 55)
(55, 28)
(68, 70)
(70, 68)
(1, 94)
(94, 1)
(1, 97)
(97, 1)
(2, 15)
(15, 2)
(2, 47)
(47, 2)
(2, 82)
(82, 2)
(2, 91)
(91, 2)
(4, 37)
(37, 4)
(5, 8)
(8, 5)
(5, 88)
(88, 5)
(6, 35)
(35, 6)
(7, 29)
(29, 7)
(7, 43)
(43, 7)
(7, 54)
(54, 7)
(8, 23)
(23, 8)
(10, 84)
(84, 10)
(12, 62)
(62, 12)
(13, 34)
(34, 13)
(14, 76)
(76, 14)
(15, 52)
(52, 15)
(15, 54)
(54, 15)
(15, 61)
(61, 15)
(17, 56)
(56, 17)
(17, 74)
(74, 17)
(18, 38)
(38, 18)
(18, 40)
(40, 18)
(18, 69)
(69, 18)
(21, 63)
(63, 21)
(21, 64)
(64, 21)
(21, 66)
(66, 21)
(22, 93)
(93, 22)
(22, 94)
(94, 22)
(23, 31)
(31, 23)
(24, 39)
(39, 24)
(24, 99)
(99, 24)
(25, 29)
(29, 25)
(25, 36)
(36, 25)
(25, 43)
(43, 25)
(25, 53)
(53, 25)
(25, 96)
(96, 25)
(26, 51)
(51, 26)
(26, 67)
(67, 26)
(27, 36)
(36, 27)
(31, 63)
(63, 31)
(32, 33)
(33, 32)
(33, 54)
(54, 33);

set EL[20] :=
(48, 64)
(64, 48)
(73, 78)
(78, 73)
(2, 46)
(46, 2)
(3, 58)
(58, 3)
(4, 41)
(41, 4)
(4, 50)
(50, 4)
(4, 79)
(79, 4)
(4, 92)
(92, 4)
(5, 37)
(37, 5)
(5, 93)
(93, 5)
(6, 39)
(39, 6)
(7, 60)
(60, 7)
(8, 24)
(24, 8)
(8, 33)
(33, 8)
(9, 20)
(20, 9)
(9, 51)
(51, 9)
(10, 55)
(55, 10)
(10, 99)
(99, 10)
(11, 69)
(69, 11)
(13, 26)
(26, 13)
(13, 36)
(36, 13)
(14, 31)
(31, 14)
(15, 71)
(71, 15)
(15, 80)
(80, 15)
(15, 99)
(99, 15)
(18, 31)
(31, 18)
(18, 37)
(37, 18)
(18, 64)
(64, 18)
(18, 90)
(90, 18)
(20, 53)
(53, 20)
(20, 78)
(78, 20)
(23, 61)
(61, 23)
(26, 47)
(47, 26)
(27, 77)
(77, 27)
(27, 86)
(86, 27)
(28, 74)
(74, 28)
(29, 34)
(34, 29)
(29, 61)
(61, 29)
(29, 99)
(99, 29)
(30, 35)
(35, 30)
(31, 73)
(73, 31);

set EL[21] :=
(5, 46)
(46, 5)
(87, 26)
(26, 87)
(99, 53)
(53, 99)
(70, 20)
(20, 70)
(72, 14)
(14, 72)
(1, 91)
(91, 1)
(3, 94)
(94, 3)
(4, 6)
(6, 4)
(4, 57)
(57, 4)
(4, 77)
(77, 4)
(5, 15)
(15, 5)
(5, 79)
(79, 5)
(7, 27)
(27, 7)
(7, 50)
(50, 7)
(9, 68)
(68, 9)
(9, 85)
(85, 9)
(10, 56)
(56, 10)
(11, 18)
(18, 11)
(11, 38)
(38, 11)
(11, 58)
(58, 11)
(11, 75)
(75, 11)
(11, 77)
(77, 11)
(12, 52)
(52, 12)
(12, 85)
(85, 12)
(13, 32)
(32, 13)
(13, 69)
(69, 13)
(13, 71)
(71, 13)
(14, 67)
(67, 14)
(16, 32)
(32, 16)
(16, 41)
(41, 16)
(16, 79)
(79, 16)
(17, 36)
(36, 17)
(17, 54)
(54, 17)
(18, 50)
(50, 18)
(18, 54)
(54, 18)
(18, 76)
(76, 18)
(18, 82)
(82, 18)
(18, 99)
(99, 18)
(19, 27)
(27, 19)
(19, 53)
(53, 19)
(20, 92)
(92, 20)
(22, 60)
(60, 22)
(26, 42)
(42, 26)
(26, 84)
(84, 26)
(28, 56)
(56, 28)
(28, 86)
(86, 28)
(29, 32)
(32, 29)
(31, 90)
(90, 31)
(32, 36)
(36, 32)
(32, 71)
(71, 32)
(32, 84)
(84, 32)
(33, 34)
(34, 33);

set EL[22] :=
(66, 14)
(14, 66)
(8, 97)
(97, 8)
(3, 79)
(79, 3)
(8, 92)
(92, 8)
(9, 53)
(53, 9)
(10, 27)
(27, 10)
(10, 76)
(76, 10)
(11, 14)
(14, 11)
(11, 83)
(83, 11)
(13, 17)
(17, 13)
(14, 69)
(69, 14)
(15, 27)
(27, 15)
(15, 34)
(34, 15)
(15, 47)
(47, 15)
(17, 37)
(37, 17)
(17, 55)
(55, 17)
(17, 81)
(81, 17)
(19, 76)
(76, 19)
(19, 88)
(88, 19)
(21, 84)
(84, 21)
(22, 74)
(74, 22)
(23, 27)
(27, 23)
(24, 59)
(59, 24)
(26, 30)
(30, 26)
(26, 46)
(46, 26)
(31, 56)
(56, 31);

set EL[23] :=
(42, 83)
(83, 42)
(95, 4)
(4, 95)
(2, 79)
(79, 2)
(3, 14)
(14, 3)
(5, 40)
(40, 5)
(5, 67)
(67, 5)
(5, 94)
(94, 5)
(6, 36)
(36, 6)
(6, 38)
(38, 6)
(6, 86)
(86, 6)
(7, 45)
(45, 7)
(7, 85)
(85, 7)
(8, 21)
(21, 8)
(8, 34)
(34, 8)
(8, 54)
(54, 8)
(10, 47)
(47, 10)
(11, 27)
(27, 11)
(11, 97)
(97, 11)
(12, 64)
(64, 12)
(13, 78)
(78, 13)
(15, 93)
(93, 15)
(20, 40)
(40, 20)
(20, 41)
(41, 20)
(27, 34)
(34, 27)
(27, 52)
(52, 27)
(28, 84)
(84, 28)
(29, 37)
(37, 29)
(29, 51)
(51, 29)
(30, 33)
(33, 30)
(30, 58)
(58, 30)
(32, 97)
(97, 32);

set EL[24] :=
(13, 7)
(7, 13)
(1, 64)
(64, 1)
(1, 65)
(65, 1)
(1, 96)
(96, 1)
(2, 70)
(70, 2)
(3, 75)
(75, 3)
(3, 77)
(77, 3)
(4, 34)
(34, 4)
(5, 27)
(27, 5)
(5, 29)
(29, 5)
(5, 35)
(35, 5)
(6, 66)
(66, 6)
(6, 87)
(87, 6)
(7, 78)
(78, 7)
(10, 65)
(65, 10)
(10, 66)
(66, 10)
(12, 26)
(26, 12)
(12, 58)
(58, 12)
(14, 45)
(45, 14)
(15, 44)
(44, 15)
(15, 89)
(89, 15)
(17, 67)
(67, 17)
(17, 70)
(70, 17)
(18, 47)
(47, 18)
(20, 59)
(59, 20)
(21, 43)
(43, 21)
(23, 38)
(38, 23)
(27, 72)
(72, 27)
(27, 79)
(79, 27)
(28, 29)
(29, 28)
(28, 80)
(80, 28)
(28, 85)
(85, 28)
(29, 39)
(39, 29)
(31, 39)
(39, 31)
(32, 35)
(35, 32)
(32, 59)
(59, 32)
(32, 77)
(77, 32)
(33, 62)
(62, 33);

set EL[25] :=
(79, 30)
(30, 79)
(94, 90)
(90, 94)
(40, 37)
(37, 40)
(8, 85)
(85, 8)
(1, 32)
(32, 1)
(1, 53)
(53, 1)
(2, 27)
(27, 2)
(3, 18)
(18, 3)
(3, 92)
(92, 3)
(4, 58)
(58, 4)
(5, 45)
(45, 5)
(5, 98)
(98, 5)
(6, 18)
(18, 6)
(7, 35)
(35, 7)
(7, 64)
(64, 7)
(7, 92)
(92, 7)
(8, 47)
(47, 8)
(8, 63)
(63, 8)
(9, 13)
(13, 9)
(9, 70)
(70, 9)
(9, 99)
(99, 9)
(10, 97)
(97, 10)
(11, 52)
(52, 11)
(11, 84)
(84, 11)
(12, 61)
(61, 12)
(14, 79)
(79, 14)
(15, 100)
(100, 15)
(16, 50)
(50, 16)
(16, 68)
(68, 16)
(19, 71)
(71, 19)
(20, 96)
(96, 20)
(21, 47)
(47, 21)
(21, 88)
(88, 21)
(21, 99)
(99, 21)
(23, 35)
(35, 23)
(23, 46)
(46, 23)
(25, 76)
(76, 25)
(28, 81)
(81, 28)
(29, 40)
(40, 29)
(30, 82)
(82, 30)
(30, 94)
(94, 30)
(31, 46)
(46, 31)
(31, 69)
(69, 31)
(31, 100)
(100, 31)
(33, 46)
(46, 33);

param sizeV := 100;

param sizeEL := 
1 72
2 86
3 96
4 74
5 52
6 88
7 56
8 84
9 78
10 68
11 78
12 90
13 82
14 96
15 62
16 84
17 74
18 96
19 98
20 82
21 104
22 52
23 62
24 76
25 90;

end;