set V := 93
44
56
16
9
58
24
27
52
29
13
43
66
77
100
4
80
63
7
6
69
40
78
45
84
81
34
21
73
46
99
49
38
67
1
76
90
39
74
48
61
72
12
2
22
68
8
41
89
82
75
37
85
94
62
70
91
64
88
15
60
17
96
51
86
83
30
32
42
26
65
3
95
5
50
23
18
57
53
79
14
87
35
36
98
54
28
59
31
19
55
47
20
11
97
25
92
33
10
71;

set E:= 
(31, 8)
(64, 35)
(12, 8)
(31, 91)
(1, 47)
(31, 35)
(57, 17)
(17, 5)
(30, 10)
(37, 94)
(24, 6)
(28, 76)
(84, 25)
(22, 48)
(40, 20)
(35, 97)
(11, 52)
(64, 5)
(56, 39)
(8, 40)
(5, 15)
(22, 11)
(52, 20)
(47, 20)
(15, 31)
(22, 97)
(52, 92)
(29, 4)
(6, 55)
(9, 47)
(27, 91)
(54, 34)
(49, 100)
(4, 27)
(24, 100)
(97, 33)
(52, 38)
(72, 1)
(47, 35)
(4, 46)
(4, 35)
(11, 33)
(51, 64)
(60, 28)
(82, 16)
(50, 14)
(16, 30)
(9, 83)
(81, 9)
(64, 1)
(63, 22)
(34, 77)
(31, 19)
(43, 7)
(100, 29)
(18, 72)
(45, 31)
(51, 18)
(94, 30)
(94, 5)
(28, 3)
(49, 32)
(2, 5)
(92, 29)
(24, 83)
(11, 4)
(49, 10)
(31, 61)
(46, 39)
(72, 32)
(29, 22)
(27, 79)
(93, 20)
(2, 84)
(19, 86)
(62, 17)
(80, 4)
(76, 4)
(82, 58)
(22, 58)
(13, 66)
(2, 98)
(4, 72)
(13, 58)
(48, 85)
(85, 48)
(88, 10)
(21, 25)
(34, 41)
(71, 33)
(36, 54)
(37, 11)
(39, 91)
(94, 28)
(52, 95)
(37, 17)
(25, 89)
(28, 58)
(1, 52)
(81, 10)
(46, 24)
(16, 75)
(33, 84)
(70, 23)
(61, 11)
(98, 12)
(7, 78)
(100, 21)
(11, 91)
(49, 33)
(8, 31)
(41, 43)
(54, 2)
(31, 66)
(44, 36)
(33, 27)
(27, 70)
(38, 23)
(89, 10)
(10, 23)
(35, 99)
(64, 22)
(3, 35)
(18, 52)
(49, 40)
(9, 38)
(66, 30)
(21, 100)
(79, 13)
(15, 21)
(95, 52)
(2, 27)
(66, 23)
(74, 28)
(28, 50)
(27, 33)
(5, 16)
(35, 31)
(17, 4)
(49, 37)
(89, 29)
(12, 56)
(12, 55)
(45, 25)
(99, 32)
(83, 40)
(53, 18)
(90, 30)
(23, 5)
(62, 39)
(23, 8)
(22, 42)
(7, 61)
(43, 5)
(36, 34)
(91, 39)
(49, 15)
(3, 51)
(41, 47)
(59, 30)
(78, 18)
(16, 24)
(83, 5)
(35, 94)
(5, 2)
(33, 39)
(48, 17)
(23, 53)
(89, 16)
(67, 9)
(36, 94)
(58, 24)
(26, 10)
(14, 100)
(17, 48)
(28, 98)
(73, 26)
(82, 11)
(12, 95)
(30, 84)
(16, 33)
(49, 6)
(39, 22)
(62, 8)
(96, 12)
(5, 97)
(37, 63)
(37, 14)
(39, 33)
(80, 27)
(1, 80)
(89, 6)
(23, 91)
(62, 37)
(40, 48)
(27, 80)
(36, 81)
(9, 3)
(33, 97)
(28, 59)
(28, 73)
(31, 13)
(7, 4)
(7, 21)
(34, 19)
(91, 27)
(41, 9)
(37, 15)
(90, 6)
(40, 50)
(74, 13)
(1, 64)
(10, 30)
(18, 69)
(39, 7)
(20, 66)
(64, 51)
(26, 69)
(45, 36)
(74, 34)
(28, 74)
(18, 7)
(17, 35)
(51, 9)
(75, 40)
(59, 13)
(64, 28)
(53, 3)
(11, 45)
(1, 22)
(18, 28)
(42, 22)
(73, 19)
(59, 27)
(54, 3)
(16, 77)
(79, 11)
(95, 13)
(32, 9)
(30, 97)
(5, 46)
(85, 28)
(92, 37)
(83, 17)
(81, 39)
(2, 55)
(39, 82)
(94, 37)
(11, 24)
(82, 9)
(16, 54)
(89, 20)
(7, 57)
(10, 49)
(3, 36)
(44, 11)
(57, 29)
(23, 11)
(22, 75)
(58, 39)
(27, 29)
(79, 25)
(98, 36)
(31, 93)
(22, 49)
(21, 19)
(38, 91)
(62, 6)
(71, 26)
(46, 14)
(86, 37)
(48, 13)
(90, 22)
(15, 43)
(37, 83)
(17, 37)
(46, 6)
(20, 93)
(31, 47)
(40, 99)
(84, 23)
(89, 27)
(91, 31)
(80, 1)
(31, 4)
(100, 25)
(32, 51)
(9, 14)
(31, 73)
(75, 20)
(91, 4)
(4, 97)
(10, 89)
(38, 58)
(28, 68)
(72, 35)
(17, 40)
(95, 36)
(51, 40)
(26, 48)
(24, 41)
(21, 98)
(21, 12)
(50, 97)
(5, 43)
(34, 54)
(59, 29)
(22, 92)
(24, 13)
(5, 83)
(37, 72)
(9, 27)
(36, 28)
(10, 55)
(24, 68)
(13, 42)
(59, 38)
(38, 59)
(36, 90)
(53, 19)
(19, 21)
(97, 35)
(80, 17)
(17, 39)
(5, 1)
(31, 58)
(96, 7)
(17, 83)
(16, 99)
(100, 4)
(28, 26)
(93, 31)
(40, 63)
(66, 31)
(93, 27)
(6, 80)
(97, 36)
(11, 86)
(34, 87)
(66, 4)
(13, 26)
(32, 46)
(17, 16)
(86, 33)
(76, 25)
(50, 6)
(58, 18)
(54, 25)
(1, 72)
(61, 21)
(53, 28)
(11, 20)
(30, 18)
(67, 39)
(24, 15)
(19, 79)
(18, 61)
(24, 35)
(16, 62)
(34, 10)
(31, 5)
(54, 36)
(50, 16)
(83, 6)
(53, 20)
(33, 56)
(62, 5)
(11, 32)
(92, 5)
(5, 47)
(7, 52)
(10, 100)
(74, 14)
(82, 18)
(99, 20)
(67, 31)
(51, 10)
(17, 79)
(22, 1)
(7, 18)
(25, 72)
(11, 79)
(55, 8)
(3, 27)
(18, 91)
(66, 2)
(10, 77)
(43, 29)
(29, 6)
(30, 47)
(1, 49)
(31, 32)
(35, 37)
(2, 56)
(96, 21)
(90, 16)
(75, 32)
(95, 3)
(31, 37)
(21, 31)
(19, 16)
(80, 15)
(83, 24)
(70, 10)
(10, 99)
(54, 12)
(28, 6)
(28, 13)
(55, 31)
(6, 63)
(41, 26)
(84, 31)
(3, 13)
(26, 34)
(10, 26)
(51, 26)
(87, 34)
(34, 85)
(31, 36)
(2, 29)
(71, 8)
(25, 45)
(95, 28)
(29, 50)
(14, 19)
(58, 13)
(54, 21)
(18, 13)
(36, 31)
(20, 54)
(48, 1)
(33, 9)
(39, 67)
(7, 37)
(76, 8)
(3, 55)
(32, 99)
(71, 62)
(29, 3)
(96, 9)
(95, 8)
(57, 32)
(31, 94)
(31, 21)
(26, 92)
(30, 90)
(40, 4)
(41, 37)
(61, 10)
(92, 25)
(4, 26)
(15, 36)
(15, 49)
(44, 39)
(51, 3)
(5, 81)
(56, 12)
(17, 33)
(18, 41)
(28, 83)
(40, 73)
(84, 22)
(39, 17)
(92, 17)
(28, 53)
(49, 14)
(28, 62)
(23, 75)
(36, 21)
(77, 10)
(39, 76)
(60, 6)
(54, 6)
(24, 16)
(20, 65)
(32, 75)
(32, 12)
(10, 78)
(13, 60)
(6, 61)
(37, 34)
(94, 9)
(4, 80)
(74, 30)
(41, 25)
(36, 38)
(33, 69)
(8, 74)
(81, 14)
(23, 38)
(87, 11)
(78, 2)
(3, 95)
(72, 23)
(18, 22)
(80, 6)
(60, 7)
(20, 89)
(14, 83)
(4, 17)
(33, 49)
(46, 10)
(4, 73)
(9, 51)
(92, 2)
(58, 7)
(80, 37)
(89, 25)
(6, 51)
(69, 32)
(58, 37)
(25, 54)
(12, 74)
(58, 26)
(68, 39)
(11, 42)
(74, 12)
(7, 80)
(34, 23)
(95, 27)
(34, 36)
(38, 39)
(33, 99)
(29, 66)
(14, 67)
(8, 79)
(18, 82)
(69, 27)
(57, 19)
(3, 29)
(73, 40)
(52, 26)
(38, 90)
(92, 1)
(33, 83)
(25, 97)
(8, 19)
(80, 36)
(52, 11)
(75, 23)
(99, 69)
(100, 49)
(46, 27)
(29, 59)
(10, 93)
(94, 36)
(23, 87)
(48, 40)
(8, 95)
(3, 76)
(70, 22)
(43, 15)
(39, 47)
(68, 24)
(33, 80)
(72, 16)
(87, 30)
(54, 18)
(5, 52)
(69, 14)
(27, 52)
(20, 63)
(8, 44)
(18, 78)
(27, 45)
(37, 80)
(13, 59)
(18, 30)
(42, 10)
(12, 64)
(26, 58)
(9, 41)
(13, 51)
(30, 48)
(17, 66)
(19, 24)
(6, 62)
(39, 68)
(41, 15)
(94, 8)
(41, 29)
(47, 5)
(58, 19)
(14, 81)
(30, 72)
(30, 37)
(7, 44)
(24, 48)
(4, 11)
(2, 9)
(33, 86)
(6, 94)
(19, 20)
(11, 92)
(37, 62)
(50, 11)
(72, 18)
(16, 11)
(36, 37)
(3, 20)
(1, 13)
(98, 21)
(20, 95)
(28, 63)
(4, 7)
(6, 24)
(4, 36)
(86, 15)
(84, 2)
(8, 67)
(16, 97)
(22, 63)
(16, 38)
(69, 35)
(11, 37)
(89, 17)
(9, 2)
(83, 33)
(14, 90)
(32, 24)
(16, 14)
(64, 91)
(81, 1)
(86, 8)
(25, 21)
(20, 47)
(27, 76)
(42, 100)
(97, 50)
(14, 50)
(37, 1)
(24, 5)
(55, 27)
(28, 10)
(19, 58)
(36, 44)
(60, 16)
(36, 25)
(15, 81)
(59, 4)
(26, 73)
(82, 56)
(44, 35)
(35, 18)
(73, 22)
(11, 81)
(9, 82)
(26, 71)
(13, 50)
(11, 98)
(24, 53)
(97, 11)
(5, 17)
(16, 40)
(26, 95)
(33, 94)
(34, 42)
(94, 6)
(97, 19)
(22, 81)
(51, 38)
(42, 11)
(39, 80)
(50, 29)
(37, 41)
(7, 43)
(93, 17)
(92, 22)
(57, 9)
(13, 28)
(80, 9)
(17, 82)
(83, 37)
(21, 29)
(63, 7)
(35, 43)
(64, 12)
(39, 23)
(13, 49)
(37, 58)
(5, 31)
(50, 5)
(100, 24)
(32, 49)
(76, 28)
(9, 96)
(5, 37)
(5, 51)
(99, 16)
(17, 62)
(91, 12)
(44, 2)
(33, 11)
(19, 8)
(68, 31)
(36, 4)
(78, 35)
(1, 68)
(21, 24)
(17, 89)
(5, 64)
(34, 37)
(33, 46)
(100, 42)
(78, 34)
(28, 72)
(9, 32)
(5, 94)
(94, 33)
(42, 27)
(42, 16)
(78, 82)
(11, 66)
(2, 33)
(31, 77)
(6, 3)
(21, 39)
(70, 7)
(8, 23)
(16, 82)
(74, 8)
(78, 10)
(53, 23)
(44, 8)
(93, 60)
(62, 28)
(84, 60)
(70, 27)
(86, 34)
(12, 79)
(26, 52)
(18, 68)
(20, 10)
(5, 79)
(76, 39)
(37, 24)
(78, 15)
(87, 6)
(15, 24)
(54, 24)
(79, 17)
(28, 85)
(25, 99)
(7, 94)
(55, 28)
(24, 58)
(85, 35)
(98, 11)
(57, 38)
(37, 7)
(50, 3)
(43, 31)
(2, 54)
(40, 6)
(39, 38)
(66, 16)
(25, 9)
(64, 18)
(22, 55)
(13, 79)
(79, 32)
(38, 13)
(32, 76)
(3, 1)
(67, 8)
(83, 29)
(30, 74)
(67, 14)
(75, 13)
(19, 65)
(32, 56)
(41, 13)
(98, 40)
(24, 94)
(10, 29)
(4, 56)
(60, 30)
(40, 9)
(1, 12)
(40, 37)
(93, 35)
(70, 29)
(15, 57)
(17, 7)
(20, 68)
(2, 21)
(27, 69)
(3, 67)
(36, 15)
(49, 31)
(10, 46)
(40, 86)
(24, 30)
(59, 23)
(86, 22)
(21, 61)
(63, 29)
(68, 28)
(52, 30)
(69, 18)
(25, 79)
(6, 83)
(32, 96)
(41, 3)
(82, 32)
(24, 54)
(6, 28)
(28, 95)
(6, 46)
(7, 23)
(68, 18)
(93, 23)
(19, 14)
(13, 31)
(28, 56)
(84, 30)
(97, 8)
(6, 96)
(52, 34)
(26, 11)
(62, 2)
(56, 3)
(66, 11)
(69, 15)
(7, 24)
(34, 66)
(17, 93)
(7, 35)
(25, 98)
(76, 20)
(21, 15)
(21, 2)
(99, 10)
(29, 41)
(16, 41)
(18, 64)
(14, 29)
(28, 42)
(30, 27)
(77, 29)
(65, 9)
(90, 23)
(18, 19)
(18, 88)
(10, 75)
(85, 17)
(40, 83)
(22, 25)
(32, 34)
(98, 2)
(52, 1)
(45, 94)
(15, 17)
(17, 80)
(47, 34)
(29, 10)
(22, 41)
(77, 7)
(32, 78)
(82, 39)
(13, 1)
(88, 7)
(99, 30)
(20, 83)
(46, 66)
(14, 65)
(28, 93)
(55, 12)
(14, 66)
(9, 55)
(65, 18)
(14, 46)
(23, 93)
(54, 7)
(27, 99)
(4, 3)
(36, 10)
(16, 5)
(13, 54)
(29, 77)
(28, 75)
(8, 92)
(12, 1)
(92, 11)
(34, 49)
(37, 66)
(42, 34)
(14, 37)
(40, 14)
(14, 40)
(82, 36)
(81, 37)
(5, 22)
(87, 37)
(28, 60)
(84, 13)
(7, 86)
(73, 31)
(7, 63)
(24, 90)
(38, 67)
(20, 11)
(12, 2)
(1, 24)
(27, 2)
(37, 87)
(60, 84)
(9, 95)
(5, 56)
(65, 25)
(61, 4)
(9, 94)
(100, 10)
(9, 57)
(2, 72)
(94, 24)
(24, 37)
(14, 71)
(87, 35)
(97, 16)
(74, 20)
(6, 45)
(67, 3)
(15, 42)
(49, 22)
(32, 31)
(75, 25)
(34, 58)
(25, 36)
(40, 49)
(58, 31)
(66, 34)
(12, 73)
(21, 73)
(22, 86)
(13, 57)
(35, 34)
(19, 57)
(10, 35)
(13, 2)
(50, 40)
(8, 84)
(94, 45)
(80, 14)
(38, 53)
(74, 29)
(63, 28)
(46, 4)
(63, 37)
(18, 92)
(60, 52)
(42, 26)
(70, 11)
(36, 41)
(24, 2)
(39, 87)
(24, 92)
(1, 3)
(32, 69)
(27, 95)
(2, 78)
(88, 92)
(6, 54)
(6, 19)
(28, 49)
(37, 86)
(31, 46)
(9, 65)
(72, 4)
(63, 6)
(36, 95)
(75, 12)
(38, 9)
(68, 20)
(30, 52)
(91, 40)
(22, 2)
(3, 96)
(31, 51)
(4, 91)
(79, 2)
(21, 54)
(80, 10)
(1, 92)
(25, 22)
(11, 67)
(65, 5)
(21, 74)
(20, 6)
(75, 16)
(24, 32)
(29, 83)
(9, 33)
(77, 23)
(30, 1)
(15, 63)
(11, 61)
(22, 85)
(38, 37)
(79, 19)
(81, 36)
(30, 94)
(39, 78)
(14, 9)
(25, 87)
(10, 94)
(24, 26)
(16, 89)
(41, 4)
(35, 85)
(92, 52)
(2, 13)
(3, 53)
(55, 9)
(77, 2)
(7, 60)
(75, 39)
(20, 38)
(45, 10)
(94, 23)
(23, 66)
(6, 90)
(49, 28)
(12, 75)
(10, 34)
(28, 11)
(4, 8)
(1, 81)
(73, 1)
(38, 100)
(10, 28)
(47, 21)
(35, 44)
(52, 24)
(4, 1)
(37, 49)
(26, 88)
(18, 29)
(40, 89)
(79, 10)
(69, 99)
(80, 7)
(10, 36)
(88, 13)
(31, 27)
(1, 77)
(60, 93)
(31, 43)
(2, 86)
(99, 7)
(77, 16)
(26, 100)
(26, 28)
(53, 54)
(3, 9)
(56, 20)
(47, 22)
(11, 97)
(85, 33)
(70, 20)
(58, 22)
(73, 16)
(29, 43)
(40, 27)
(26, 67)
(12, 6)
(19, 53)
(23, 18)
(26, 51)
(16, 73)
(67, 13)
(7, 89)
(88, 18)
(87, 27)
(57, 15)
(73, 12)
(30, 24)
(87, 33)
(34, 78)
(35, 3)
(9, 40)
(24, 46)
(8, 4)
(23, 12)
(73, 21)
(34, 5)
(76, 27)
(40, 62)
(52, 60)
(99, 25)
(12, 34)
(97, 22)
(29, 14)
(96, 33)
(68, 1)
(33, 2)
(40, 75)
(11, 70)
(20, 71)
(16, 26)
(57, 14)
(97, 5)
(92, 88)
(11, 16)
(76, 5)
(29, 46)
(15, 27)
(31, 67)
(2, 77)
(39, 62)
(27, 89)
(58, 28)
(71, 20)
(43, 18)
(31, 97)
(24, 98)
(16, 42)
(34, 86)
(40, 98)
(46, 5)
(39, 75)
(12, 13)
(55, 3)
(25, 100)
(77, 27)
(45, 11)
(85, 3)
(5, 99)
(84, 8)
(75, 28)
(48, 12)
(40, 51)
(92, 40)
(80, 33)
(82, 15)
(5, 62)
(40, 92)
(35, 4)
(77, 31)
(62, 16)
(24, 52)
(55, 6)
(8, 94)
(63, 14)
(29, 70)
(10, 70)
(9, 17)
(37, 96)
(51, 6)
(23, 10)
(32, 77)
(14, 82)
(33, 16)
(1, 26)
(66, 20)
(19, 31)
(57, 13)
(35, 64)
(22, 18)
(39, 56)
(12, 32)
(7, 54)
(9, 80)
(65, 6)
(20, 59)
(48, 26)
(37, 65)
(35, 87)
(21, 47)
(10, 20)
(1, 75)
(16, 67)
(1, 65)
(13, 3)
(92, 24)
(12, 96)
(41, 20)
(31, 12)
(7, 99)
(55, 20)
(81, 96)
(76, 32)
(5, 24)
(51, 67)
(26, 42)
(93, 43)
(20, 48)
(16, 90)
(4, 40)
(51, 31)
(12, 88)
(100, 37)
(89, 32)
(27, 46)
(1, 7)
(94, 40)
(72, 30)
(10, 81)
(11, 82)
(4, 59)
(70, 35)
(3, 11)
(72, 37)
(27, 59)
(22, 64)
(31, 15)
(9, 25)
(20, 56)
(17, 36)
(45, 7)
(58, 34)
(46, 18)
(14, 16)
(85, 15)
(9, 78)
(5, 23)
(28, 64)
(7, 45)
(17, 92)
(24, 36)
(14, 57)
(62, 27)
(34, 16)
(1, 82)
(45, 27)
(73, 38)
(6, 84)
(18, 54)
(17, 57)
(22, 23)
(79, 5)
(27, 3)
(6, 29)
(35, 70)
(98, 18)
(26, 98)
(97, 29)
(40, 8)
(71, 14)
(37, 77)
(4, 87)
(41, 21)
(16, 66)
(42, 28)
(26, 70)
(100, 40)
(5, 29)
(36, 11)
(53, 36)
(33, 85)
(65, 1)
(75, 6)
(8, 86)
(33, 17)
(6, 20)
(45, 20)
(62, 29)
(84, 6)
(5, 92)
(86, 19)
(36, 17)
(82, 1)
(80, 3)
(36, 45)
(62, 40)
(94, 14)
(3, 15)
(3, 85)
(53, 38)
(37, 40)
(19, 97)
(15, 5)
(15, 41)
(36, 98)
(38, 57)
(11, 50)
(54, 13)
(37, 81)
(5, 76)
(36, 68)
(23, 42)
(78, 39)
(4, 90)
(96, 81)
(54, 20)
(87, 23)
(9, 81)
(87, 7)
(66, 14)
(16, 19)
(67, 11)
(13, 75)
(37, 92)
(58, 38)
(41, 16)
(34, 68)
(4, 41)
(46, 29)
(59, 22)
(28, 43)
(15, 98)
(15, 7)
(11, 87)
(48, 36)
(19, 18)
(5, 90)
(62, 71)
(16, 74)
(25, 41)
(6, 23)
(23, 84)
(28, 55)
(20, 13)
(55, 2)
(99, 40)
(36, 60)
(77, 37)
(41, 34)
(15, 2)
(35, 10)
(12, 54)
(3, 6)
(9, 10)
(100, 38)
(24, 21)
(85, 34)
(91, 11)
(84, 17)
(64, 38)
(93, 28)
(22, 70)
(66, 29)
(83, 9)
(26, 24)
(65, 44)
(35, 93)
(48, 24)
(53, 24)
(19, 29)
(37, 5)
(96, 32)
(15, 23)
(42, 13)
(49, 17)
(26, 64)
(9, 67)
(26, 31)
(60, 32)
(6, 89)
(90, 26)
(12, 98)
(29, 55)
(75, 22)
(22, 73)
(81, 15)
(37, 30)
(55, 16)
(2, 44)
(13, 20)
(8, 55)
(8, 14)
(13, 48)
(20, 28)
(14, 69)
(37, 38)
(8, 45)
(7, 34)
(75, 1)
(6, 75)
(63, 40)
(7, 70)
(31, 25)
(60, 13)
(72, 28)
(45, 6)
(80, 39)
(3, 28)
(47, 41)
(35, 17)
(26, 68)
(60, 38)
(92, 18)
(43, 35)
(5, 34)
(7, 17)
(98, 24)
(77, 32)
(70, 37)
(6, 56)
(10, 9)
(32, 38)
(5, 50)
(6, 49)
(15, 88)
(17, 95)
(59, 20)
(60, 36)
(82, 14)
(35, 72)
(10, 42)
(92, 26)
(23, 71)
(16, 60)
(35, 24)
(8, 76)
(28, 18)
(15, 86)
(30, 91)
(37, 100)
(26, 4)
(24, 1)
(24, 7)
(3, 41)
(13, 95)
(76, 3)
(4, 100)
(56, 32)
(40, 17)
(86, 40)
(30, 32)
(56, 6)
(50, 13)
(5, 9)
(7, 39)
(44, 7)
(61, 1)
(34, 32)
(87, 4)
(33, 87)
(35, 65)
(39, 93)
(7, 98)
(20, 99)
(2, 92)
(67, 38)
(44, 4)
(38, 16)
(46, 32)
(68, 26)
(95, 24)
(54, 16)
(57, 7)
(17, 84)
(8, 48)
(12, 33)
(93, 10)
(99, 35)
(76, 19)
(29, 92)
(23, 94)
(37, 36)
(38, 20)
(33, 96)
(6, 12)
(12, 21)
(67, 26)
(25, 31)
(6, 60)
(78, 32)
(52, 18)
(90, 5)
(14, 74)
(93, 39)
(34, 100)
(91, 38)
(18, 58)
(23, 7)
(3, 33)
(96, 20)
(4, 31)
(3, 86)
(28, 19)
(57, 88)
(98, 42)
(29, 57)
(36, 53)
(87, 39)
(33, 71)
(19, 76)
(27, 31)
(23, 72)
(43, 93)
(30, 59)
(38, 73)
(29, 5)
(99, 27)
(32, 30)
(18, 90)
(23, 34)
(47, 30)
(38, 52)
(3, 80)
(11, 23)
(11, 28)
(48, 22)
(22, 57)
(42, 15)
(35, 47)
(38, 97)
(48, 30)
(34, 35)
(96, 23)
(10, 88)
(95, 12)
(14, 94)
(20, 91)
(69, 33)
(7, 92)
(73, 4)
(18, 51)
(14, 63)
(51, 32)
(19, 6)
(96, 3)
(80, 21)
(6, 50)
(6, 43)
(11, 36)
(55, 37)
(21, 34)
(86, 3)
(34, 12)
(65, 19)
(63, 15)
(14, 8)
(90, 36)
(61, 2)
(17, 9)
(36, 48)
(18, 43)
(31, 26)
(62, 36)
(27, 87)
(7, 82)
(34, 46)
(13, 12)
(34, 74)
(25, 64)
(30, 66)
(84, 33)
(67, 16)
(16, 17)
(26, 41)
(14, 49)
(22, 61)
(3, 56)
(1, 37)
(16, 50)
(40, 94)
(23, 96)
(70, 34)
(31, 45)
(23, 6)
(24, 11)
(47, 39)
(56, 2)
(3, 50)
(64, 25)
(10, 61)
(88, 26)
(95, 9)
(45, 23)
(71, 11)
(3, 4)
(12, 91)
(8, 97)
(24, 89)
(14, 58)
(70, 98)
(77, 1)
(37, 43)
(21, 51)
(47, 17)
(71, 3)
(61, 3)
(86, 7)
(29, 97)
(64, 66)
(86, 36)
(39, 81)
(53, 90)
(16, 85)
(11, 22)
(86, 2)
(40, 3)
(20, 19)
(1, 61)
(58, 14)
(74, 16)
(17, 49)
(21, 96)
(78, 9)
(24, 91)
(16, 34)
(47, 31)
(77, 34)
(36, 97)
(39, 58)
(22, 47)
(3, 61)
(4, 10)
(72, 2)
(25, 65)
(13, 74)
(28, 36)
(32, 25)
(90, 14)
(8, 71)
(91, 23)
(11, 3)
(73, 20)
(47, 1)
(76, 9)
(38, 64)
(97, 38)
(13, 41)
(91, 64)
(6, 65)
(1, 73)
(50, 28)
(91, 24)
(8, 12)
(29, 21)
(90, 33)
(25, 32)
(28, 20)
(27, 4)
(39, 27)
(36, 80)
(31, 55)
(85, 16)
(14, 80)
(22, 59)
(26, 1)
(78, 7)
(26, 13)
(35, 69)
(56, 82)
(45, 8)
(51, 5)
(47, 9)
(59, 28)
(7, 77)
(35, 100)
(38, 32)
(79, 27)
(17, 42)
(7, 15)
(7, 87)
(18, 65)
(39, 46)
(66, 64)
(20, 53)
(97, 30)
(42, 17)
(86, 11)
(99, 33)
(36, 82)
(42, 23)
(74, 37)
(97, 31)
(27, 42)
(61, 18)
(29, 19)
(71, 23)
(13, 67)
(27, 40)
(4, 61)
(66, 13)
(23, 22)
(22, 90)
(15, 22)
(53, 31)
(98, 7)
(2, 12)
(66, 17)
(85, 12)
(75, 10)
(55, 22)
(16, 55)
(27, 55)
(26, 16)
(95, 17)
(12, 48)
(39, 21)
(98, 26)
(7, 73)
(94, 10)
(30, 60)
(23, 45)
(40, 16)
(49, 34)
(90, 38)
(52, 27)
(20, 70)
(2, 38)
(95, 20)
(29, 89)
(18, 98)
(44, 65)
(29, 62)
(40, 64)
(26, 90)
(63, 20)
(79, 12)
(94, 31)
(23, 90)
(15, 78)
(100, 16)
(3, 54)
(46, 34)
(48, 20)
(17, 47)
(27, 93)
(3, 40)
(32, 11)
(20, 96)
(4, 76)
(52, 5)
(56, 4)
(18, 46)
(19, 73)
(78, 55)
(95, 26)
(37, 31)
(35, 7)
(73, 8)
(91, 30)
(87, 25)
(2, 66)
(94, 2)
(45, 59)
(34, 70)
(90, 24)
(41, 24)
(8, 73)
(3, 71)
(55, 10)
(28, 12)
(40, 91)
(48, 8)
(20, 3)
(100, 26)
(11, 26)
(12, 28)
(94, 35)
(100, 35)
(94, 7)
(68, 34)
(73, 28)
(20, 76)
(27, 15)
(16, 72)
(20, 73)
(36, 62)
(92, 7)
(32, 82)
(69, 26)
(10, 79)
(43, 28)
(32, 80)
(67, 51)
(91, 18)
(88, 57)
(28, 94)
(88, 15)
(31, 68)
(7, 58)
(13, 38)
(100, 14)
(35, 78)
(22, 74)
(33, 3)
(5, 86)
(90, 18)
(15, 80)
(39, 44)
(11, 71)
(96, 37)
(6, 40)
(38, 36)
(1, 48)
(23, 15)
(15, 30)
(25, 75)
(89, 7)
(56, 5)
(37, 55)
(11, 44)
(2, 61)
(2, 62)
(61, 6)
(25, 76)
(88, 12)
(2, 15)
(32, 72)
(37, 70)
(10, 4)
(5, 68)
(51, 21)
(21, 41)
(15, 82)
(58, 82)
(6, 87)
(43, 37)
(81, 22)
(41, 36)
(68, 5)
(22, 5)
(98, 15)
(23, 57)
(12, 85)
(13, 88)
(15, 3)
(18, 35)
(59, 45)
(57, 22)
(27, 77)
(80, 32)
(20, 75)
(34, 7)
(65, 37)
(36, 86)
(1, 5)
(20, 74)
(33, 90)
(22, 29)
(56, 33)
(32, 57)
(55, 29)
(29, 100)
(1, 4)
(46, 31)
(25, 84)
(20, 41)
(21, 7)
(74, 21)
(96, 6)
(24, 47)
(2, 24)
(31, 53)
(81, 5)
(100, 34)
(65, 14)
(90, 4)
(30, 99)
(36, 24)
(29, 27)
(24, 19)
(32, 60)
(20, 45)
(39, 12)
(12, 39)
(19, 33)
(32, 89)
(15, 85)
(4, 29)
(61, 7)
(43, 41)
(19, 34)
(86, 5)
(68, 36)
(65, 35)
(38, 60)
(66, 46)
(52, 7)
(21, 80)
(13, 18)
(9, 75)
(20, 52)
(38, 2)
(97, 4)
(66, 37)
(79, 8)
(13, 84)
(9, 5)
(98, 28)
(10, 45)
(46, 33)
(99, 5)
(7, 96)
(29, 63)
(29, 2)
(70, 26)
(57, 23)
(85, 22)
(89, 24)
(17, 85)
(22, 84)
(23, 70)
(29, 74)
(22, 39)
(47, 24)
(27, 39)
(22, 15)
(64, 26)
(33, 12)
(27, 62)
(49, 13)
(23, 77)
(61, 22)
(7, 88)
(10, 80)
(15, 37)
(82, 17)
(91, 20)
(98, 70)
(83, 14)
(4, 66)
(30, 87)
(97, 25)
(43, 6)
(9, 76)
(92, 8)
(1, 30)
(4, 44)
(81, 11)
(51, 13)
(12, 23)
(82, 7)
(29, 18)
(38, 51)
(15, 69)
(18, 53)
(37, 74)
(83, 28)
(23, 39)
(30, 16)
(34, 47)
(55, 78)
(25, 92)
(7, 1)
(2, 22)
(5, 65)
(27, 9)
(54, 53)
(17, 15)
(13, 24)
(23, 59)
(34, 21)
(61, 31)
(74, 22)
(30, 15)
(98, 25)
(64, 40)
(27, 30)
(75, 9)
(40, 100)
(36, 3)
(2, 94)
(73, 7)
(10, 51)
(89, 40)
(8, 62)
(2, 79)
(19, 28)
(41, 22)
(12, 31)
(65, 20)
(20, 40)
(31, 49)
(56, 28)
(41, 18)
(18, 23)
(49, 1)
(72, 25)
(31, 84)
(90, 53)
(16, 100)
(24, 95)
(37, 35)
(34, 26)
(33, 19)
(32, 79)
(83, 20)
(21, 36)
(42, 98)
(34, 52)
(20, 55)
(82, 78);

set L := 44
6
30
32
42
12
40
26
2
16
45
3
22
8
41
5
9
50
23
24
18
27
34
21
14
37
35
36
29
13
43
46
28
4
31
15
49
19
38
47
1
20
17
11
25
33
10
39
48
7;

set EL[1] :=
(16, 73)
(73, 16)
(30, 99)
(99, 30)
(27, 77)
(77, 27)
(23, 10)
(10, 23)
(52, 95)
(95, 52)
(2, 24)
(24, 2)
(2, 27)
(27, 2)
(2, 54)
(54, 2)
(3, 33)
(33, 3)
(4, 36)
(36, 4)
(4, 91)
(91, 4)
(7, 57)
(57, 7)
(9, 14)
(14, 9)
(10, 26)
(26, 10)
(18, 22)
(22, 18)
(19, 20)
(20, 19)
(22, 49)
(49, 22)
(26, 28)
(28, 26)
(27, 70)
(70, 27)
(30, 52)
(52, 30)
(31, 32)
(32, 31)
(36, 81)
(81, 36)
(38, 64)
(64, 38)
(39, 82)
(82, 39);

set EL[2] :=
(11, 61)
(61, 11)
(24, 47)
(47, 24)
(37, 72)
(72, 37)
(92, 18)
(18, 92)
(1, 4)
(4, 1)
(4, 41)
(41, 4)
(5, 23)
(23, 5)
(7, 35)
(35, 7)
(7, 43)
(43, 7)
(9, 25)
(25, 9)
(10, 51)
(51, 10)
(12, 85)
(85, 12)
(14, 81)
(81, 14)
(17, 49)
(49, 17)
(20, 99)
(99, 20)
(23, 39)
(39, 23)
(25, 76)
(76, 25)
(28, 56)
(56, 28)
(29, 83)
(83, 29)
(30, 59)
(59, 30)
(34, 66)
(66, 34)
(37, 55)
(55, 37);

set EL[3] :=
(18, 29)
(29, 18)
(100, 49)
(49, 100)
(96, 81)
(81, 96)
(20, 40)
(40, 20)
(3, 11)
(11, 3)
(3, 86)
(86, 3)
(4, 97)
(97, 4)
(5, 31)
(31, 5)
(6, 28)
(28, 6)
(8, 55)
(55, 8)
(8, 74)
(74, 8)
(9, 83)
(83, 9)
(11, 16)
(16, 11)
(11, 98)
(98, 11)
(12, 56)
(56, 12)
(13, 50)
(50, 13)
(14, 83)
(83, 14)
(15, 24)
(24, 15)
(15, 78)
(78, 15)
(16, 26)
(26, 16)
(17, 89)
(89, 17)
(19, 86)
(86, 19)
(26, 52)
(52, 26)
(27, 45)
(45, 27)
(28, 50)
(50, 28)
(32, 75)
(75, 32)
(34, 87)
(87, 34)
(36, 82)
(82, 36);

set EL[4] :=
(40, 3)
(3, 40)
(67, 51)
(51, 67)
(31, 25)
(25, 31)
(89, 10)
(10, 89)
(60, 93)
(93, 60)
(4, 11)
(11, 4)
(4, 40)
(40, 4)
(7, 94)
(94, 7)
(14, 50)
(50, 14)
(16, 55)
(55, 16)
(17, 93)
(93, 17)
(20, 76)
(76, 20)
(20, 95)
(95, 20)
(23, 91)
(91, 23)
(24, 91)
(91, 24)
(27, 30)
(30, 27)
(27, 42)
(42, 27)
(27, 52)
(52, 27)
(37, 58)
(58, 37)
(37, 83)
(83, 37);

set EL[5] :=
(24, 48)
(48, 24)
(1, 22)
(22, 1)
(2, 61)
(61, 2)
(6, 94)
(94, 6)
(7, 80)
(80, 7)
(10, 34)
(34, 10)
(19, 58)
(58, 19)
(19, 76)
(76, 19)
(23, 87)
(87, 23)
(24, 58)
(58, 24)
(26, 90)
(90, 26)
(27, 95)
(95, 27)
(28, 55)
(55, 28)
(31, 46)
(46, 31)
(33, 84)
(84, 33)
(34, 68)
(68, 34)
(34, 74)
(74, 34)
(40, 63)
(63, 40)
(40, 83)
(83, 40)
(40, 92)
(92, 40);

set EL[6] :=
(65, 44)
(44, 65)
(1, 65)
(65, 1)
(1, 68)
(68, 1)
(2, 98)
(98, 2)
(4, 10)
(10, 4)
(4, 31)
(31, 4)
(5, 15)
(15, 5)
(7, 78)
(78, 7)
(10, 42)
(42, 10)
(11, 71)
(71, 11)
(12, 96)
(96, 12)
(13, 42)
(42, 13)
(13, 59)
(59, 13)
(15, 37)
(37, 15)
(23, 84)
(84, 23)
(26, 34)
(34, 26)
(26, 71)
(71, 26)
(27, 46)
(46, 27)
(28, 42)
(42, 28)
(31, 68)
(68, 31)
(37, 38)
(38, 37)
(38, 58)
(58, 38)
(39, 78)
(78, 39)
(39, 81)
(81, 39);

set EL[7] :=
(14, 63)
(63, 14)
(23, 12)
(12, 23)
(56, 82)
(82, 56)
(1, 37)
(37, 1)
(3, 15)
(15, 3)
(9, 32)
(32, 9)
(9, 40)
(40, 9)
(9, 55)
(55, 9)
(11, 23)
(23, 11)
(11, 50)
(50, 11)
(12, 75)
(75, 12)
(13, 48)
(48, 13)
(16, 38)
(38, 16)
(16, 100)
(100, 16)
(21, 98)
(98, 21)
(22, 47)
(47, 22)
(24, 90)
(90, 24)
(25, 79)
(79, 25)
(25, 87)
(87, 25)
(25, 100)
(100, 25)
(29, 97)
(97, 29)
(30, 91)
(91, 30)
(31, 35)
(35, 31)
(32, 78)
(78, 32)
(35, 70)
(70, 35)
(37, 81)
(81, 37);

set EL[8] :=
(36, 97)
(97, 36)
(2, 33)
(33, 2)
(5, 17)
(17, 5)
(6, 23)
(23, 6)
(8, 31)
(31, 8)
(9, 95)
(95, 9)
(11, 36)
(36, 11)
(22, 73)
(73, 22)
(31, 47)
(47, 31)
(32, 51)
(51, 32)
(35, 65)
(65, 35)
(36, 37)
(37, 36)
(40, 62)
(62, 40)
(40, 89)
(89, 40);

set EL[9] :=
(42, 98)
(98, 42)
(11, 42)
(42, 11)
(92, 52)
(52, 92)
(5, 37)
(37, 5)
(6, 40)
(40, 6)
(9, 10)
(10, 9)
(9, 47)
(47, 9)
(9, 80)
(80, 9)
(10, 29)
(29, 10)
(10, 75)
(75, 10)
(16, 41)
(41, 16)
(18, 78)
(78, 18)
(20, 93)
(93, 20)
(21, 54)
(54, 21)
(27, 31)
(31, 27)
(30, 87)
(87, 30)
(36, 80)
(80, 36)
(40, 50)
(50, 40);

set EL[10] :=
(24, 11)
(11, 24)
(14, 69)
(69, 14)
(1, 7)
(7, 1)
(3, 20)
(20, 3)
(3, 41)
(41, 3)
(4, 90)
(90, 4)
(5, 43)
(43, 5)
(10, 80)
(80, 10)
(13, 54)
(54, 13)
(14, 40)
(40, 14)
(14, 80)
(80, 14)
(15, 42)
(42, 15)
(22, 97)
(97, 22)
(23, 77)
(77, 23)
(24, 46)
(46, 24)
(24, 83)
(83, 24)
(29, 46)
(46, 29)
(38, 39)
(39, 38)
(38, 57)
(57, 38)
(38, 97)
(97, 38);

set EL[11] :=
(15, 69)
(69, 15)
(12, 21)
(21, 12)
(1, 3)
(3, 1)
(1, 26)
(26, 1)
(1, 75)
(75, 1)
(3, 28)
(28, 3)
(4, 80)
(80, 4)
(6, 55)
(55, 6)
(10, 45)
(45, 10)
(11, 79)
(79, 11)
(13, 58)
(58, 13)
(15, 22)
(22, 15)
(20, 71)
(71, 20)
(21, 25)
(25, 21)
(28, 43)
(43, 28)
(30, 32)
(32, 30)
(34, 37)
(37, 34)
(34, 54)
(54, 34)
(37, 100)
(100, 37)
(38, 60)
(60, 38)
(39, 62)
(62, 39)
(40, 49)
(49, 40)
(41, 47)
(47, 41);

set EL[12] :=
(50, 97)
(97, 50)
(4, 73)
(73, 4)
(36, 21)
(21, 36)
(5, 50)
(50, 5)
(5, 52)
(52, 5)
(6, 84)
(84, 6)
(7, 45)
(45, 7)
(9, 57)
(57, 9)
(10, 88)
(88, 10)
(12, 48)
(48, 12)
(13, 38)
(38, 13)
(14, 29)
(29, 14)
(14, 94)
(94, 14)
(17, 57)
(57, 17)
(29, 70)
(70, 29)
(33, 90)
(90, 33)
(33, 97)
(97, 33)
(36, 90)
(90, 36)
(39, 91)
(91, 39)
(40, 100)
(100, 40);

set EL[13] :=
(82, 58)
(58, 82)
(21, 15)
(15, 21)
(86, 15)
(15, 86)
(2, 29)
(29, 2)
(2, 84)
(84, 2)
(6, 75)
(75, 6)
(7, 52)
(52, 7)
(7, 96)
(96, 7)
(8, 86)
(86, 8)
(8, 95)
(95, 8)
(10, 99)
(99, 10)
(15, 82)
(82, 15)
(16, 24)
(24, 16)
(17, 47)
(47, 17)
(20, 54)
(54, 20)
(23, 71)
(71, 23)
(28, 68)
(68, 28)
(36, 45)
(45, 36);

set EL[14] :=
(27, 69)
(69, 27)
(83, 17)
(17, 83)
(92, 17)
(17, 92)
(5, 16)
(16, 5)
(5, 65)
(65, 5)
(6, 80)
(80, 6)
(7, 37)
(37, 7)
(7, 61)
(61, 7)
(7, 63)
(63, 7)
(9, 96)
(96, 9)
(10, 55)
(55, 10)
(10, 100)
(100, 10)
(12, 31)
(31, 12)
(14, 37)
(37, 14)
(14, 65)
(65, 14)
(14, 90)
(90, 14)
(20, 28)
(28, 20)
(20, 75)
(75, 20)
(22, 42)
(42, 22)
(22, 81)
(81, 22)
(23, 57)
(57, 23)
(25, 32)
(32, 25)
(25, 92)
(92, 25)
(26, 58)
(58, 26)
(31, 36)
(36, 31)
(32, 76)
(76, 32)
(32, 80)
(80, 32)
(35, 94)
(94, 35)
(36, 86)
(86, 36)
(40, 99)
(99, 40);

set EL[15] :=
(13, 49)
(49, 13)
(53, 90)
(90, 53)
(90, 16)
(16, 90)
(52, 20)
(20, 52)
(60, 16)
(16, 60)
(7, 18)
(18, 7)
(7, 60)
(60, 7)
(10, 35)
(35, 10)
(10, 78)
(78, 10)
(17, 37)
(37, 17)
(18, 52)
(52, 18)
(18, 88)
(88, 18)
(19, 28)
(28, 19)
(23, 90)
(90, 23)
(24, 30)
(30, 24)
(24, 94)
(94, 24)
(27, 29)
(29, 27)
(28, 63)
(63, 28)
(29, 77)
(77, 29)
(31, 45)
(45, 31)
(36, 48)
(48, 36)
(37, 65)
(65, 37)
(38, 51)
(51, 38)
(39, 58)
(58, 39);

set EL[16] :=
(20, 68)
(68, 20)
(1, 52)
(52, 1)
(3, 27)
(27, 3)
(3, 50)
(50, 3)
(4, 26)
(26, 4)
(7, 34)
(34, 7)
(7, 73)
(73, 7)
(13, 74)
(74, 13)
(18, 82)
(82, 18)
(21, 51)
(51, 21)
(22, 61)
(61, 22)
(25, 54)
(54, 25)
(25, 72)
(72, 25)
(34, 46)
(46, 34)
(39, 80)
(80, 39)
(39, 87)
(87, 39);

set EL[17] :=
(99, 69)
(69, 99)
(100, 35)
(35, 100)
(94, 45)
(45, 94)
(1, 92)
(92, 1)
(4, 35)
(35, 4)
(9, 76)
(76, 9)
(14, 74)
(74, 14)
(16, 34)
(34, 16)
(16, 50)
(50, 16)
(17, 95)
(95, 17)
(18, 46)
(46, 18)
(20, 65)
(65, 20)
(24, 32)
(32, 24)
(29, 92)
(92, 29)
(30, 66)
(66, 30)
(31, 53)
(53, 31)
(33, 49)
(49, 33);

set EL[18] :=
(80, 1)
(1, 80)
(2, 77)
(77, 2)
(91, 12)
(12, 91)
(1, 82)
(82, 1)
(2, 13)
(13, 2)
(4, 61)
(61, 4)
(10, 36)
(36, 10)
(14, 16)
(16, 14)
(19, 31)
(31, 19)
(20, 66)
(66, 20)
(20, 89)
(89, 20)
(21, 24)
(24, 21)
(21, 41)
(41, 21)
(24, 35)
(35, 24)
(27, 62)
(62, 27)
(34, 58)
(58, 34)
(39, 44)
(44, 39);

set EL[19] :=
(94, 5)
(5, 94)
(14, 8)
(8, 14)
(30, 1)
(1, 30)
(4, 29)
(29, 4)
(6, 24)
(24, 6)
(6, 50)
(50, 6)
(8, 71)
(71, 8)
(10, 61)
(61, 10)
(10, 77)
(77, 10)
(11, 67)
(67, 11)
(13, 75)
(75, 13)
(15, 43)
(43, 15)
(19, 79)
(79, 19)
(20, 74)
(74, 20)
(21, 47)
(47, 21)
(23, 34)
(34, 23)
(26, 64)
(64, 26)
(31, 43)
(43, 31)
(33, 85)
(85, 33)
(36, 53)
(53, 36)
(37, 77)
(77, 37)
(39, 75)
(75, 39);

set EL[20] :=
(68, 39)
(39, 68)
(46, 66)
(66, 46)
(1, 24)
(24, 1)
(4, 56)
(56, 4)
(5, 79)
(79, 5)
(5, 92)
(92, 5)
(6, 12)
(12, 6)
(10, 81)
(81, 10)
(11, 81)
(81, 11)
(18, 19)
(19, 18)
(18, 65)
(65, 18)
(22, 85)
(85, 22)
(24, 98)
(98, 24)
(30, 97)
(97, 30)
(35, 44)
(44, 35);

set EL[21] :=
(91, 64)
(64, 91)
(19, 65)
(65, 19)
(56, 32)
(32, 56)
(1, 13)
(13, 1)
(2, 9)
(9, 2)
(3, 36)
(36, 3)
(7, 87)
(87, 7)
(7, 88)
(88, 7)
(9, 67)
(67, 9)
(9, 75)
(75, 9)
(13, 20)
(20, 13)
(13, 51)
(51, 13)
(15, 23)
(23, 15)
(16, 30)
(30, 16)
(18, 53)
(53, 18)
(18, 68)
(68, 18)
(19, 24)
(24, 19)
(20, 96)
(96, 20)
(24, 95)
(95, 24)
(25, 98)
(98, 25)
(27, 79)
(79, 27)
(30, 90)
(90, 30)
(34, 70)
(70, 34)
(34, 100)
(100, 34)
(36, 68)
(68, 36)
(37, 40)
(40, 37)
(37, 87)
(87, 37)
(40, 91)
(91, 40);

set EL[22] :=
(26, 69)
(69, 26)
(1, 48)
(48, 1)
(2, 86)
(86, 2)
(5, 81)
(81, 5)
(6, 46)
(46, 6)
(6, 60)
(60, 6)
(9, 65)
(65, 9)
(13, 88)
(88, 13)
(16, 19)
(19, 16)
(16, 62)
(62, 16)
(17, 39)
(39, 17)
(18, 30)
(30, 18)
(22, 70)
(70, 22)
(26, 98)
(98, 26)
(33, 83)
(83, 33)
(34, 36)
(36, 34)
(34, 49)
(49, 34)
(37, 43)
(43, 37)
(38, 100)
(100, 38)
(39, 56)
(56, 39)
(40, 48)
(48, 40);

set EL[23] :=
(78, 55)
(55, 78)
(1, 47)
(47, 1)
(7, 17)
(17, 7)
(8, 79)
(79, 8)
(12, 34)
(34, 12)
(17, 36)
(36, 17)
(18, 28)
(28, 18)
(20, 55)
(55, 20)
(22, 92)
(92, 22)
(24, 37)
(37, 24)
(26, 95)
(95, 26)
(31, 49)
(49, 31)
(31, 55)
(55, 31)
(32, 69)
(69, 32)
(32, 79)
(79, 32)
(33, 94)
(94, 33)
(33, 96)
(96, 33);

set EL[24] :=
(2, 56)
(56, 2)
(2, 72)
(72, 2)
(2, 92)
(92, 2)
(3, 54)
(54, 3)
(5, 24)
(24, 5)
(5, 62)
(62, 5)
(5, 83)
(83, 5)
(7, 15)
(15, 7)
(9, 94)
(94, 9)
(10, 94)
(94, 10)
(12, 98)
(98, 12)
(15, 31)
(31, 15)
(15, 85)
(85, 15)
(16, 77)
(77, 16)
(20, 41)
(41, 20)
(22, 64)
(64, 22)
(24, 36)
(36, 24)
(25, 41)
(41, 25)
(27, 99)
(99, 27)
(29, 63)
(63, 29)
(32, 38)
(38, 32)
(36, 38)
(38, 36)
(37, 49)
(49, 37);

set EL[25] :=
(74, 21)
(21, 74)
(4, 7)
(7, 4)
(11, 28)
(28, 11)
(11, 44)
(44, 11)
(19, 34)
(34, 19)
(19, 97)
(97, 19)
(22, 86)
(86, 22)
(23, 75)
(75, 23)
(28, 72)
(72, 28)
(28, 93)
(93, 28)
(31, 91)
(91, 31)
(32, 46)
(46, 32)
(33, 71)
(71, 33)
(34, 85)
(85, 34);

set EL[26] :=
(3, 71)
(71, 3)
(3, 85)
(85, 3)
(6, 56)
(56, 6)
(11, 20)
(20, 11)
(11, 92)
(92, 11)
(21, 96)
(96, 21)
(21, 100)
(100, 21)
(22, 74)
(74, 22)
(23, 66)
(66, 23)
(23, 93)
(93, 23)
(25, 97)
(97, 25)
(27, 55)
(55, 27)
(27, 87)
(87, 27)
(28, 59)
(59, 28)
(29, 41)
(41, 29)
(29, 57)
(57, 29)
(29, 66)
(66, 29)
(30, 94)
(94, 30)
(31, 77)
(77, 31)
(33, 80)
(80, 33)
(33, 87)
(87, 33)
(34, 41)
(41, 34)
(36, 60)
(60, 36)
(37, 41)
(41, 37)
(37, 70)
(70, 37);

set EL[27] :=
(87, 6)
(6, 87)
(18, 41)
(41, 18)
(1, 12)
(12, 1)
(4, 8)
(8, 4)
(4, 76)
(76, 4)
(5, 29)
(29, 5)
(5, 46)
(46, 5)
(9, 81)
(81, 9)
(10, 46)
(46, 10)
(11, 86)
(86, 11)
(13, 24)
(24, 13)
(15, 80)
(80, 15)
(20, 70)
(70, 20)
(20, 83)
(83, 20)
(26, 48)
(48, 26)
(26, 70)
(70, 26)
(27, 76)
(76, 27)
(29, 59)
(59, 29)
(36, 95)
(95, 36)
(37, 92)
(92, 37);

set EL[28] :=
(8, 19)
(19, 8)
(10, 28)
(28, 10)
(14, 82)
(82, 14)
(16, 97)
(97, 16)
(17, 33)
(33, 17)
(17, 66)
(66, 17)
(18, 64)
(64, 18)
(18, 69)
(69, 18)
(19, 73)
(73, 19)
(22, 41)
(41, 22)
(22, 58)
(58, 22)
(22, 84)
(84, 22)
(23, 42)
(42, 23)
(27, 91)
(91, 27)
(28, 76)
(76, 28)
(32, 57)
(57, 32)
(35, 47)
(47, 35)
(38, 73)
(73, 38);

set EL[29] :=
(54, 53)
(53, 54)
(100, 42)
(42, 100)
(2, 12)
(12, 2)
(2, 66)
(66, 2)
(5, 64)
(64, 5)
(5, 90)
(90, 5)
(9, 51)
(51, 9)
(13, 60)
(60, 13)
(16, 74)
(74, 16)
(18, 61)
(61, 18)
(20, 59)
(59, 20)
(22, 48)
(48, 22)
(22, 63)
(63, 22)
(24, 92)
(92, 24)
(26, 51)
(51, 26)
(30, 84)
(84, 30)
(31, 51)
(51, 31)
(35, 87)
(87, 35)
(37, 80)
(80, 37);

set EL[30] :=
(3, 56)
(56, 3)
(4, 72)
(72, 4)
(5, 56)
(56, 5)
(6, 62)
(62, 6)
(7, 86)
(86, 7)
(8, 92)
(92, 8)
(12, 13)
(13, 12)
(13, 31)
(31, 13)
(15, 88)
(88, 15)
(17, 35)
(35, 17)
(26, 67)
(67, 26)
(26, 68)
(68, 26)
(27, 39)
(39, 27)
(27, 93)
(93, 27)
(28, 58)
(58, 28)
(31, 67)
(67, 31)
(34, 86)
(86, 34)
(40, 64)
(64, 40);

set EL[31] :=
(34, 47)
(47, 34)
(92, 7)
(7, 92)
(3, 96)
(96, 3)
(6, 63)
(63, 6)
(6, 65)
(65, 6)
(8, 67)
(67, 8)
(9, 41)
(41, 9)
(13, 41)
(41, 13)
(13, 66)
(66, 13)
(15, 81)
(81, 15)
(17, 40)
(40, 17)
(24, 68)
(68, 24)
(25, 64)
(64, 25)
(25, 89)
(89, 25)
(27, 40)
(40, 27)
(27, 89)
(89, 27)
(28, 53)
(53, 28)
(30, 47)
(47, 30)
(37, 96)
(96, 37);

set EL[32] :=
(23, 38)
(38, 23)
(28, 75)
(75, 28)
(2, 79)
(79, 2)
(4, 100)
(100, 4)
(6, 83)
(83, 6)
(12, 55)
(55, 12)
(17, 79)
(79, 17)
(17, 84)
(84, 17)
(20, 48)
(48, 20)
(22, 39)
(39, 22)
(26, 100)
(100, 26)
(30, 37)
(37, 30);

set EL[33] :=
(19, 14)
(14, 19)
(2, 5)
(5, 2)
(2, 44)
(44, 2)
(3, 4)
(4, 3)
(3, 95)
(95, 3)
(6, 89)
(89, 6)
(8, 76)
(76, 8)
(12, 39)
(39, 12)
(12, 54)
(54, 12)
(14, 57)
(57, 14)
(20, 38)
(38, 20)
(21, 29)
(29, 21)
(22, 55)
(55, 22)
(22, 90)
(90, 22)
(24, 26)
(26, 24)
(26, 92)
(92, 26)
(28, 62)
(62, 28)
(28, 95)
(95, 28)
(32, 60)
(60, 32)
(32, 99)
(99, 32);

set EL[34] :=
(82, 78)
(78, 82)
(2, 22)
(22, 2)
(3, 9)
(9, 3)
(3, 29)
(29, 3)
(3, 80)
(80, 3)
(5, 97)
(97, 5)
(15, 49)
(49, 15)
(17, 62)
(62, 17)
(25, 75)
(75, 25)
(25, 99)
(99, 25)
(28, 94)
(94, 28)
(36, 98)
(98, 36)
(37, 94)
(94, 37);

set EL[35] :=
(1, 64)
(64, 1)
(3, 6)
(6, 3)
(3, 53)
(53, 3)
(4, 44)
(44, 4)
(4, 66)
(66, 4)
(7, 24)
(24, 7)
(8, 48)
(48, 8)
(10, 30)
(30, 10)
(11, 91)
(91, 11)
(12, 73)
(73, 12)
(12, 74)
(74, 12)
(16, 75)
(75, 16)
(18, 58)
(58, 18)
(18, 98)
(98, 18)
(19, 29)
(29, 19)
(21, 73)
(73, 21)
(22, 23)
(23, 22)
(23, 53)
(53, 23)
(25, 65)
(65, 25)
(31, 37)
(37, 31)
(35, 37)
(37, 35)
(36, 54)
(54, 36)
(40, 51)
(51, 40);

set EL[36] :=
(60, 84)
(84, 60)
(64, 51)
(51, 64)
(1, 5)
(5, 1)
(1, 81)
(81, 1)
(2, 78)
(78, 2)
(3, 61)
(61, 3)
(4, 59)
(59, 4)
(8, 12)
(12, 8)
(15, 27)
(27, 15)
(15, 98)
(98, 15)
(17, 42)
(42, 17)
(17, 82)
(82, 17)
(20, 73)
(73, 20)
(23, 70)
(70, 23)
(24, 100)
(100, 24)
(28, 36)
(36, 28)
(31, 61)
(61, 31)
(33, 39)
(39, 33)
(34, 52)
(52, 34)
(34, 78)
(78, 34)
(38, 52)
(52, 38);

set EL[37] :=
(17, 9)
(9, 17)
(59, 45)
(45, 59)
(82, 11)
(11, 82)
(56, 20)
(20, 56)
(7, 99)
(99, 7)
(8, 84)
(84, 8)
(8, 97)
(97, 8)
(11, 33)
(33, 11)
(11, 97)
(97, 11)
(12, 88)
(88, 12)
(16, 33)
(33, 16)
(18, 43)
(43, 18)
(19, 53)
(53, 19)
(20, 91)
(91, 20)
(27, 80)
(80, 27)
(29, 74)
(74, 29)
(29, 89)
(89, 29)
(38, 53)
(53, 38)
(39, 93)
(93, 39)
(40, 75)
(75, 40);

set EL[38] :=
(76, 5)
(5, 76)
(85, 48)
(48, 85)
(38, 59)
(59, 38)
(6, 43)
(43, 6)
(7, 77)
(77, 7)
(8, 44)
(44, 8)
(11, 26)
(26, 11)
(12, 95)
(95, 12)
(13, 26)
(26, 13)
(13, 67)
(67, 13)
(14, 49)
(49, 14)
(14, 66)
(66, 14)
(18, 51)
(51, 18)
(18, 54)
(54, 18)
(19, 57)
(57, 19)
(20, 63)
(63, 20)
(21, 61)
(61, 21)
(26, 41)
(41, 26)
(33, 56)
(56, 33)
(33, 86)
(86, 33)
(39, 67)
(67, 39)
(40, 94)
(94, 40);

set EL[39] :=
(6, 96)
(96, 6)
(1, 61)
(61, 1)
(6, 49)
(49, 6)
(10, 70)
(70, 10)
(12, 28)
(28, 12)
(13, 18)
(18, 13)
(22, 59)
(59, 22)
(23, 72)
(72, 23)
(24, 54)
(54, 24)
(29, 43)
(43, 29)
(32, 34)
(34, 32)
(32, 72)
(72, 32)
(32, 77)
(77, 32)
(32, 89)
(89, 32)
(35, 43)
(43, 35)
(35, 99)
(99, 35)
(36, 41)
(41, 36)
(39, 46)
(46, 39);

set EL[40] :=
(92, 88)
(88, 92)
(2, 62)
(62, 2)
(4, 87)
(87, 4)
(5, 34)
(34, 5)
(5, 51)
(51, 5)
(7, 54)
(54, 7)
(14, 100)
(100, 14)
(15, 41)
(41, 15)
(20, 47)
(47, 20)
(24, 53)
(53, 24)
(28, 85)
(85, 28)
(29, 55)
(55, 29)
(30, 74)
(74, 30)
(31, 94)
(94, 31)
(33, 46)
(46, 33)
(35, 69)
(69, 35)
(35, 93)
(93, 35)
(37, 74)
(74, 37)
(39, 76)
(76, 39);

set EL[41] :=
(71, 14)
(14, 71)
(2, 55)
(55, 2)
(3, 76)
(76, 3)
(5, 99)
(99, 5)
(7, 44)
(44, 7)
(10, 93)
(93, 10)
(13, 57)
(57, 13)
(18, 35)
(35, 18)
(22, 75)
(75, 22)
(23, 45)
(45, 23)
(24, 52)
(52, 24)
(25, 84)
(84, 25)
(26, 73)
(73, 26)
(28, 73)
(73, 28)
(29, 62)
(62, 29)
(33, 99)
(99, 33)
(36, 44)
(44, 36)
(40, 86)
(86, 40)
(40, 98)
(98, 40);

set EL[42] :=
(2, 15)
(15, 2)
(3, 35)
(35, 3)
(3, 55)
(55, 3)
(5, 68)
(68, 5)
(6, 19)
(19, 6)
(6, 29)
(29, 6)
(11, 22)
(22, 11)
(14, 58)
(58, 14)
(16, 82)
(82, 16)
(16, 85)
(85, 16)
(17, 85)
(85, 17)
(18, 23)
(23, 18)
(19, 33)
(33, 19)
(20, 45)
(45, 20)
(23, 96)
(96, 23)
(28, 64)
(64, 28)
(28, 98)
(98, 28)
(32, 96)
(96, 32)
(35, 64)
(64, 35)
(38, 91)
(91, 38);

set EL[43] :=
(61, 6)
(6, 61)
(29, 22)
(22, 29)
(2, 21)
(21, 2)
(2, 94)
(94, 2)
(5, 22)
(22, 5)
(6, 45)
(45, 6)
(6, 51)
(51, 6)
(7, 23)
(23, 7)
(9, 27)
(27, 9)
(16, 17)
(17, 16)
(18, 72)
(72, 18)
(21, 31)
(31, 21)
(23, 59)
(59, 23)
(27, 59)
(59, 27)
(28, 83)
(83, 28)
(29, 50)
(50, 29)
(31, 93)
(93, 31)
(35, 78)
(78, 35)
(35, 85)
(85, 35)
(37, 86)
(86, 37);

set EL[44] :=
(74, 28)
(28, 74)
(31, 66)
(66, 31)
(4, 46)
(46, 4)
(8, 23)
(23, 8)
(8, 73)
(73, 8)
(8, 94)
(94, 8)
(11, 32)
(32, 11)
(14, 67)
(67, 14)
(16, 40)
(40, 16)
(17, 48)
(48, 17)
(24, 41)
(41, 24)
(24, 89)
(89, 24)
(25, 45)
(45, 25)
(26, 42)
(42, 26)
(27, 33)
(33, 27)
(31, 58)
(58, 31)
(34, 42)
(42, 34)
(34, 77)
(77, 34)
(37, 63)
(63, 37)
(38, 67)
(67, 38);

set EL[45] :=
(10, 79)
(79, 10)
(1, 72)
(72, 1)
(2, 38)
(38, 2)
(3, 51)
(51, 3)
(3, 67)
(67, 3)
(7, 21)
(21, 7)
(7, 98)
(98, 7)
(11, 37)
(37, 11)
(11, 45)
(45, 11)
(11, 66)
(66, 11)
(12, 32)
(32, 12)
(13, 79)
(79, 13)
(13, 95)
(95, 13)
(15, 30)
(30, 15)
(16, 66)
(66, 16)
(21, 39)
(39, 21)
(22, 57)
(57, 22)
(30, 48)
(48, 30)
(32, 82)
(82, 32);

set EL[46] :=
(37, 62)
(62, 37)
(1, 77)
(77, 1)
(7, 70)
(70, 7)
(7, 89)
(89, 7)
(9, 78)
(78, 9)
(15, 36)
(36, 15)
(17, 80)
(80, 17)
(26, 31)
(31, 26)
(31, 84)
(84, 31)
(34, 35)
(35, 34)
(35, 72)
(72, 35)
(38, 90)
(90, 38)
(41, 43)
(43, 41);

set EL[47] :=
(62, 71)
(71, 62)
(5, 9)
(9, 5)
(5, 47)
(47, 5)
(9, 38)
(38, 9)
(9, 82)
(82, 9)
(11, 70)
(70, 11)
(12, 33)
(33, 12)
(15, 63)
(63, 15)
(16, 54)
(54, 16)
(16, 89)
(89, 16)
(18, 91)
(91, 18)
(19, 21)
(21, 19)
(20, 53)
(53, 20)
(21, 34)
(34, 21)
(28, 60)
(60, 28)
(40, 73)
(73, 40);

set EL[48] :=
(60, 52)
(52, 60)
(3, 13)
(13, 3)
(4, 17)
(17, 4)
(4, 27)
(27, 4)
(6, 20)
(20, 6)
(6, 54)
(54, 6)
(7, 39)
(39, 7)
(8, 40)
(40, 8)
(8, 45)
(45, 8)
(11, 87)
(87, 11)
(15, 17)
(17, 15)
(16, 99)
(99, 16)
(21, 80)
(80, 21)
(22, 25)
(25, 22)
(32, 49)
(49, 32)
(35, 97)
(97, 35)
(39, 47)
(47, 39);

set EL[49] :=
(33, 9)
(9, 33)
(66, 64)
(64, 66)
(1, 73)
(73, 1)
(5, 86)
(86, 5)
(6, 90)
(90, 6)
(7, 82)
(82, 7)
(10, 20)
(20, 10)
(10, 49)
(49, 10)
(14, 46)
(46, 14)
(15, 57)
(57, 15)
(16, 67)
(67, 16)
(23, 94)
(94, 23)
(30, 60)
(60, 30)
(30, 72)
(72, 30)
(36, 62)
(62, 36)
(36, 94)
(94, 36);

set EL[50] :=
(57, 88)
(88, 57)
(88, 26)
(26, 88)
(93, 43)
(43, 93)
(70, 98)
(98, 70)
(1, 49)
(49, 1)
(7, 58)
(58, 7)
(8, 62)
(62, 8)
(11, 52)
(52, 11)
(12, 64)
(64, 12)
(12, 79)
(79, 12)
(13, 28)
(28, 13)
(13, 84)
(84, 13)
(16, 42)
(42, 16)
(16, 72)
(72, 16)
(18, 90)
(90, 18)
(25, 36)
(36, 25)
(28, 49)
(49, 28)
(29, 100)
(100, 29)
(31, 73)
(73, 31)
(31, 97)
(97, 31)
(33, 69)
(69, 33)
(37, 66)
(66, 37);

param sizeV := 100;

param sizeEL := 
1 48
2 44
3 56
4 40
5 40
6 48
7 52
8 28
9 36
10 40
11 46
12 40
13 36
14 60
15 48
16 32
17 34
18 34
19 44
20 30
21 56
22 42
23 34
24 46
25 28
26 50
27 40
28 36
29 38
30 36
31 38
32 24
33 40
34 26
35 46
36 42
37 40
38 44
39 36
40 38
41 38
42 40
43 40
44 40
45 38
46 26
47 32
48 34
49 32
50 44;

end;