set V := 65
11
45
15
41
57
68
10
23
50
2
13
17
29
38
30
81
92
39
94
89
44
78
97
82
93
18
54
28
71
27
66
52
75
67
59
62
21
19
22
51
69
88
3
55
42
40
96
73
32
25
60
9
87
1
61
8
49
91
24
74
95
79
37
99
58
83
47
7
85
5
90
64
84
48
35
34
43
31
33
6
46
76
72
98
14
4
16
20
26
100
53
70
86
12
80
77
36
63
56;

set E:= 
(10, 35)
(2, 81)
(4, 38)
(25, 99)
(8, 40)
(6, 48)
(14, 8)
(1, 28)
(12, 94)
(51, 18)
(1, 31)
(23, 17)
(5, 30)
(38, 3)
(16, 21)
(100, 8)
(17, 23)
(16, 26)
(16, 15)
(35, 4)
(7, 18)
(73, 30)
(10, 80)
(17, 56)
(1, 87)
(18, 59)
(54, 11)
(10, 5)
(14, 68)
(7, 91)
(4, 23)
(1, 36)
(15, 59)
(59, 12)
(16, 87)
(20, 4)
(11, 82)
(39, 12)
(17, 31)
(13, 50)
(96, 18)
(16, 22)
(12, 20)
(29, 1)
(6, 37)
(93, 1)
(2, 33)
(68, 14)
(6, 72)
(15, 58)
(92, 6)
(65, 9)
(57, 5)
(44, 5)
(49, 6)
(33, 2)
(9, 59)
(19, 60)
(100, 17)
(13, 54)
(4, 5)
(61, 12)
(97, 12)
(65, 58)
(87, 18)
(4, 12)
(69, 16)
(10, 96)
(9, 73)
(69, 1)
(12, 96)
(11, 85)
(14, 88)
(52, 5)
(11, 56)
(24, 1)
(19, 64)
(41, 13)
(76, 18)
(52, 6)
(6, 42)
(24, 19)
(89, 18)
(29, 16)
(69, 7)
(92, 16)
(44, 3)
(13, 72)
(84, 4)
(19, 51)
(36, 19)
(100, 1)
(10, 62)
(49, 35)
(2, 52)
(48, 72)
(81, 17)
(66, 1)
(17, 20)
(23, 12)
(86, 11)
(52, 16)
(20, 96)
(3, 82)
(100, 2)
(1, 53)
(4, 95)
(13, 89)
(17, 11)
(15, 12)
(39, 18)
(83, 10)
(4, 27)
(93, 9)
(15, 13)
(18, 53)
(67, 1)
(3, 34)
(95, 40)
(2, 88)
(26, 1)
(51, 3)
(53, 15)
(79, 2)
(52, 12)
(4, 56)
(8, 61)
(95, 7)
(44, 13)
(53, 11)
(89, 16)
(21, 18)
(12, 31)
(4, 71)
(17, 79)
(2, 72)
(45, 15)
(18, 54)
(64, 13)
(17, 33)
(38, 16)
(4, 99)
(50, 7)
(69, 10)
(6, 13)
(56, 13)
(15, 84)
(47, 4)
(24, 82)
(49, 4)
(6, 85)
(16, 45)
(1, 40)
(63, 76)
(53, 1)
(16, 13)
(72, 1)
(19, 23)
(11, 61)
(41, 8)
(15, 28)
(22, 1)
(15, 64)
(14, 23)
(19, 38)
(21, 77)
(87, 17)
(7, 43)
(26, 9)
(68, 15)
(86, 53)
(42, 4)
(31, 12)
(16, 47)
(15, 87)
(52, 2)
(8, 73)
(81, 11)
(13, 68)
(3, 1)
(4, 94)
(93, 12)
(2, 9)
(16, 73)
(75, 6)
(57, 8)
(16, 75)
(5, 4)
(84, 19)
(61, 1)
(73, 2)
(15, 17)
(98, 4)
(20, 19)
(4, 19)
(94, 12)
(97, 56)
(10, 78)
(34, 12)
(16, 71)
(18, 74)
(26, 92)
(88, 6)
(70, 15)
(5, 59)
(35, 17)
(43, 1)
(64, 10)
(12, 41)
(70, 5)
(12, 76)
(57, 6)
(16, 74)
(5, 40)
(12, 68)
(66, 3)
(31, 1)
(3, 44)
(52, 10)
(51, 19)
(4, 44)
(81, 23)
(14, 4)
(11, 34)
(61, 6)
(16, 99)
(6, 35)
(32, 12)
(31, 13)
(2, 4)
(10, 64)
(9, 29)
(1, 34)
(13, 67)
(12, 77)
(8, 4)
(96, 12)
(2, 8)
(85, 11)
(48, 7)
(58, 2)
(33, 4)
(12, 56)
(40, 1)
(43, 7)
(17, 73)
(12, 22)
(68, 4)
(4, 18)
(8, 63)
(49, 93)
(76, 10)
(63, 15)
(13, 52)
(19, 4)
(5, 26)
(69, 9)
(10, 50)
(18, 28)
(4, 98)
(4, 35)
(9, 32)
(21, 2)
(14, 13)
(4, 65)
(17, 88)
(13, 84)
(30, 44)
(4, 42)
(72, 12)
(14, 2)
(34, 5)
(8, 92)
(57, 15)
(2, 32)
(3, 46)
(65, 2)
(16, 35)
(48, 12)
(5, 25)
(7, 28)
(3, 7)
(58, 3)
(15, 44)
(1, 33)
(74, 17)
(6, 78)
(42, 6)
(2, 71)
(63, 7)
(23, 10)
(18, 82)
(51, 11)
(6, 26)
(87, 4)
(1, 68)
(85, 2)
(28, 16)
(25, 8)
(79, 1)
(14, 70)
(11, 26)
(73, 15)
(13, 61)
(4, 53)
(16, 36)
(21, 14)
(96, 10)
(1, 3)
(12, 59)
(11, 86)
(1, 44)
(7, 39)
(18, 49)
(14, 42)
(48, 10)
(8, 29)
(45, 16)
(64, 19)
(66, 2)
(18, 11)
(81, 2)
(43, 19)
(59, 2)
(30, 19)
(11, 91)
(25, 5)
(5, 54)
(16, 1)
(23, 19)
(2, 60)
(23, 3)
(4, 20)
(13, 19)
(13, 86)
(14, 86)
(26, 12)
(10, 76)
(6, 90)
(11, 2)
(12, 30)
(10, 38)
(63, 27)
(11, 95)
(22, 5)
(3, 23)
(24, 12)
(86, 8)
(93, 2)
(55, 13)
(1, 16)
(10, 82)
(64, 11)
(1, 96)
(98, 15)
(65, 1)
(83, 15)
(45, 9)
(64, 8)
(91, 7)
(27, 4)
(17, 85)
(75, 10)
(50, 39)
(5, 11)
(42, 10)
(6, 74)
(64, 16)
(48, 3)
(17, 52)
(92, 13)
(7, 76)
(18, 39)
(93, 18)
(54, 5)
(40, 17)
(16, 83)
(63, 8)
(12, 11)
(5, 14)
(91, 15)
(12, 51)
(11, 3)
(89, 25)
(6, 65)
(48, 18)
(40, 16)
(52, 11)
(9, 64)
(12, 88)
(48, 13)
(90, 10)
(88, 7)
(39, 50)
(6, 55)
(55, 8)
(15, 6)
(19, 36)
(45, 11)
(100, 5)
(18, 78)
(63, 61)
(24, 18)
(35, 77)
(12, 37)
(6, 32)
(18, 76)
(70, 3)
(27, 9)
(17, 80)
(22, 4)
(14, 9)
(54, 2)
(51, 31)
(13, 36)
(21, 16)
(58, 9)
(59, 11)
(1, 48)
(33, 54)
(82, 13)
(5, 44)
(15, 95)
(10, 45)
(10, 63)
(7, 67)
(17, 54)
(2, 27)
(10, 8)
(15, 91)
(8, 64)
(18, 58)
(4, 86)
(92, 26)
(59, 9)
(75, 16)
(59, 19)
(7, 68)
(99, 17)
(36, 3)
(29, 27)
(5, 19)
(21, 3)
(24, 81)
(37, 1)
(36, 4)
(69, 2)
(9, 76)
(34, 8)
(44, 17)
(26, 4)
(14, 87)
(37, 12)
(8, 37)
(67, 18)
(97, 6)
(7, 81)
(6, 52)
(8, 54)
(13, 23)
(33, 17)
(68, 7)
(88, 1)
(45, 70)
(15, 97)
(93, 90)
(63, 9)
(78, 6)
(4, 2)
(73, 97)
(17, 74)
(4, 28)
(10, 11)
(44, 19)
(16, 8)
(44, 11)
(47, 17)
(7, 88)
(63, 13)
(74, 1)
(55, 71)
(12, 93)
(73, 8)
(63, 5)
(70, 9)
(2, 74)
(13, 100)
(72, 17)
(56, 2)
(45, 10)
(64, 17)
(2, 73)
(89, 4)
(18, 86)
(15, 70)
(3, 87)
(9, 91)
(2, 98)
(13, 22)
(2, 65)
(2, 7)
(12, 5)
(9, 63)
(87, 5)
(16, 58)
(35, 11)
(68, 22)
(82, 11)
(11, 66)
(8, 100)
(5, 60)
(8, 70)
(1, 66)
(3, 69)
(11, 67)
(77, 14)
(28, 7)
(74, 16)
(17, 15)
(8, 22)
(92, 8)
(13, 82)
(18, 97)
(15, 53)
(8, 86)
(20, 16)
(78, 7)
(3, 38)
(41, 12)
(12, 69)
(1, 97)
(50, 13)
(11, 37)
(18, 63)
(11, 1)
(66, 13)
(46, 19)
(7, 69)
(92, 18)
(1, 29)
(7, 94)
(13, 31)
(26, 6)
(13, 62)
(8, 9)
(10, 79)
(19, 56)
(50, 12)
(12, 48)
(69, 5)
(15, 68)
(2, 5)
(66, 4)
(16, 81)
(37, 11)
(82, 24)
(62, 11)
(16, 38)
(7, 4)
(99, 5)
(41, 5)
(11, 25)
(12, 45)
(9, 96)
(45, 12)
(96, 1)
(2, 1)
(16, 72)
(23, 7)
(30, 2)
(57, 4)
(53, 17)
(15, 67)
(18, 87)
(10, 90)
(17, 47)
(15, 5)
(14, 80)
(51, 5)
(16, 98)
(9, 50)
(19, 44)
(13, 95)
(14, 57)
(17, 26)
(3, 58)
(84, 13)
(66, 42)
(6, 100)
(31, 19)
(4, 84)
(55, 11)
(18, 69)
(53, 9)
(27, 7)
(4, 14)
(91, 24)
(19, 43)
(26, 3)
(86, 18)
(28, 15)
(13, 64)
(79, 10)
(20, 2)
(2, 75)
(22, 15)
(32, 14)
(43, 12)
(63, 10)
(11, 22)
(61, 7)
(86, 3)
(76, 4)
(35, 10)
(14, 77)
(55, 18)
(56, 4)
(94, 15)
(3, 21)
(86, 7)
(80, 2)
(37, 17)
(17, 98)
(15, 9)
(12, 87)
(68, 96)
(1, 22)
(99, 25)
(16, 92)
(6, 29)
(15, 3)
(58, 16)
(9, 42)
(13, 28)
(11, 54)
(14, 79)
(11, 27)
(82, 5)
(96, 2)
(77, 18)
(75, 4)
(25, 17)
(53, 6)
(36, 79)
(48, 19)
(12, 89)
(60, 5)
(92, 2)
(54, 33)
(1, 14)
(12, 33)
(2, 96)
(69, 3)
(51, 6)
(56, 12)
(78, 12)
(7, 83)
(12, 54)
(17, 89)
(100, 6)
(17, 49)
(34, 1)
(8, 88)
(8, 2)
(8, 39)
(69, 18)
(7, 19)
(82, 3)
(40, 9)
(18, 67)
(2, 92)
(96, 16)
(7, 73)
(95, 4)
(35, 2)
(61, 13)
(98, 17)
(54, 13)
(45, 1)
(3, 15)
(83, 13)
(4, 78)
(63, 19)
(29, 5)
(88, 11)
(19, 47)
(40, 11)
(81, 7)
(40, 6)
(91, 17)
(42, 66)
(6, 49)
(60, 2)
(7, 78)
(7, 45)
(96, 20)
(75, 47)
(95, 5)
(3, 27)
(14, 16)
(46, 13)
(12, 50)
(6, 92)
(27, 2)
(30, 5)
(94, 2)
(18, 10)
(71, 2)
(1, 13)
(4, 59)
(12, 46)
(64, 12)
(94, 83)
(65, 4)
(30, 12)
(99, 18)
(7, 44)
(17, 99)
(89, 12)
(55, 39)
(12, 18)
(30, 8)
(67, 11)
(90, 11)
(41, 18)
(10, 68)
(19, 25)
(41, 17)
(59, 18)
(8, 85)
(53, 80)
(16, 94)
(14, 63)
(1, 8)
(3, 65)
(6, 75)
(11, 19)
(6, 30)
(9, 68)
(12, 26)
(3, 70)
(37, 15)
(38, 19)
(19, 7)
(84, 17)
(89, 19)
(11, 89)
(1, 80)
(32, 18)
(13, 39)
(97, 17)
(97, 15)
(52, 17)
(15, 33)
(30, 3)
(14, 54)
(2, 89)
(36, 11)
(4, 39)
(31, 14)
(31, 17)
(8, 53)
(34, 17)
(15, 82)
(9, 52)
(76, 11)
(64, 1)
(52, 13)
(3, 24)
(38, 79)
(10, 7)
(1, 82)
(5, 52)
(10, 23)
(9, 58)
(9, 4)
(7, 38)
(47, 5)
(100, 15)
(3, 29)
(7, 12)
(5, 91)
(79, 38)
(2, 94)
(4, 63)
(19, 42)
(18, 2)
(11, 76)
(44, 37)
(2, 67)
(91, 14)
(100, 13)
(9, 2)
(14, 1)
(13, 34)
(69, 56)
(10, 26)
(55, 6)
(13, 38)
(89, 3)
(8, 50)
(2, 30)
(12, 61)
(93, 7)
(8, 23)
(96, 9)
(25, 89)
(13, 8)
(12, 91)
(63, 17)
(54, 17)
(19, 31)
(17, 81)
(12, 7)
(38, 6)
(7, 82)
(38, 7)
(72, 16)
(7, 86)
(2, 14)
(68, 9)
(3, 86)
(2, 44)
(13, 11)
(93, 14)
(16, 14)
(11, 10)
(53, 86)
(4, 43)
(3, 8)
(84, 8)
(8, 38)
(14, 30)
(22, 13)
(60, 67)
(93, 15)
(2, 25)
(89, 11)
(8, 13)
(73, 3)
(17, 65)
(77, 35)
(1, 43)
(4, 3)
(2, 41)
(30, 73)
(91, 3)
(3, 12)
(73, 1)
(11, 64)
(17, 42)
(21, 11)
(88, 13)
(11, 13)
(63, 4)
(5, 95)
(37, 8)
(22, 7)
(15, 45)
(2, 93)
(10, 61)
(7, 51)
(86, 4)
(89, 13)
(3, 100)
(7, 22)
(14, 83)
(1, 69)
(62, 4)
(7, 71)
(11, 32)
(20, 3)
(93, 49)
(37, 6)
(11, 88)
(95, 13)
(13, 99)
(4, 62)
(89, 17)
(16, 67)
(97, 73)
(10, 29)
(13, 24)
(10, 31)
(5, 76)
(17, 29)
(13, 80)
(5, 34)
(10, 52)
(19, 5)
(60, 19)
(77, 21)
(65, 40)
(9, 54)
(91, 5)
(11, 40)
(1, 5)
(8, 34)
(17, 63)
(97, 8)
(29, 17)
(14, 46)
(5, 10)
(9, 13)
(1, 61)
(8, 30)
(89, 14)
(19, 24)
(44, 6)
(22, 68)
(82, 16)
(8, 6)
(30, 79)
(12, 58)
(86, 52)
(33, 9)
(6, 27)
(25, 2)
(17, 41)
(59, 14)
(14, 97)
(14, 51)
(9, 40)
(16, 68)
(13, 25)
(2, 84)
(3, 40)
(14, 6)
(75, 3)
(9, 97)
(22, 41)
(15, 100)
(6, 12)
(63, 6)
(34, 3)
(5, 69)
(8, 76)
(80, 13)
(16, 66)
(31, 10)
(15, 83)
(2, 57)
(40, 4)
(23, 5)
(31, 16)
(18, 51)
(3, 89)
(18, 68)
(12, 4)
(13, 46)
(55, 19)
(16, 64)
(38, 40)
(19, 89)
(95, 15)
(8, 1)
(80, 8)
(82, 4)
(8, 49)
(79, 36)
(22, 19)
(41, 2)
(98, 19)
(5, 47)
(6, 63)
(17, 69)
(4, 32)
(13, 55)
(94, 16)
(7, 40)
(17, 44)
(11, 36)
(62, 13)
(3, 36)
(4, 89)
(70, 6)
(50, 10)
(86, 16)
(58, 12)
(13, 26)
(49, 14)
(16, 89)
(7, 56)
(1, 67)
(56, 7)
(95, 11)
(76, 9)
(28, 5)
(17, 100)
(10, 17)
(61, 5)
(67, 6)
(6, 40)
(46, 9)
(17, 40)
(13, 81)
(59, 37)
(6, 88)
(76, 63)
(67, 15)
(36, 7)
(12, 70)
(29, 6)
(1, 75)
(20, 12)
(11, 14)
(2, 18)
(16, 88)
(14, 55)
(74, 14)
(16, 69)
(97, 14)
(16, 84)
(12, 15)
(8, 55)
(50, 14)
(15, 57)
(18, 85)
(5, 87)
(38, 10)
(79, 17)
(12, 52)
(65, 6)
(73, 64)
(18, 29)
(5, 68)
(96, 8)
(88, 14)
(6, 23)
(24, 16)
(9, 45)
(58, 7)
(76, 17)
(76, 7)
(81, 4)
(6, 17)
(66, 14)
(13, 1)
(26, 19)
(3, 35)
(2, 83)
(17, 78)
(10, 18)
(29, 8)
(5, 28)
(85, 6)
(18, 31)
(1, 74)
(11, 38)
(78, 8)
(2, 26)
(17, 55)
(99, 45)
(17, 91)
(17, 84)
(78, 10)
(13, 66)
(27, 13)
(36, 17)
(82, 10)
(11, 24)
(16, 31)
(97, 5)
(75, 5)
(72, 3)
(2, 11)
(5, 20)
(77, 12)
(9, 1)
(36, 9)
(85, 15)
(98, 6)
(72, 6)
(75, 1)
(22, 11)
(28, 8)
(62, 6)
(90, 93)
(67, 7)
(28, 13)
(61, 63)
(24, 11)
(8, 16)
(6, 24)
(76, 16)
(94, 6)
(4, 55)
(5, 53)
(41, 22)
(1, 37)
(48, 6)
(61, 10)
(19, 33)
(87, 14)
(5, 99)
(79, 14)
(80, 7)
(12, 64)
(70, 13)
(84, 5)
(11, 99)
(5, 51)
(35, 1)
(99, 11)
(23, 14)
(16, 48)
(67, 13)
(3, 64)
(34, 16)
(1, 21)
(6, 38)
(28, 9)
(93, 6)
(91, 11)
(18, 4)
(35, 3)
(3, 50)
(4, 75)
(3, 4)
(40, 18)
(18, 12)
(11, 35)
(25, 19)
(8, 3)
(15, 37)
(3, 42)
(13, 20)
(53, 5)
(61, 3)
(11, 53)
(84, 60)
(54, 12)
(1, 26)
(18, 71)
(16, 85)
(11, 12)
(12, 49)
(50, 19)
(61, 14)
(76, 12)
(5, 84)
(42, 17)
(5, 64)
(9, 84)
(72, 48)
(97, 4)
(72, 64)
(57, 14)
(17, 10)
(1, 38)
(16, 20)
(6, 11)
(1, 64)
(15, 66)
(46, 58)
(68, 18)
(8, 84)
(1, 92)
(12, 6)
(76, 5)
(84, 2)
(25, 13)
(6, 97)
(4, 76)
(14, 100)
(4, 26)
(17, 53)
(3, 30)
(87, 15)
(1, 88)
(86, 9)
(86, 13)
(16, 24)
(16, 65)
(26, 14)
(68, 12)
(12, 17)
(7, 65)
(3, 96)
(24, 91)
(52, 19)
(7, 27)
(17, 76)
(6, 84)
(30, 7)
(3, 73)
(7, 80)
(2, 53)
(44, 15)
(50, 9)
(29, 14)
(10, 14)
(4, 68)
(19, 98)
(6, 14)
(13, 97)
(7, 2)
(46, 14)
(34, 10)
(52, 86)
(38, 14)
(18, 23)
(91, 1)
(13, 15)
(59, 10)
(23, 18)
(83, 2)
(36, 13)
(13, 56)
(89, 2)
(46, 3)
(80, 14)
(12, 14)
(5, 100)
(67, 5)
(17, 64)
(72, 2)
(85, 16)
(21, 9)
(99, 16)
(9, 65)
(100, 3)
(58, 5)
(8, 56)
(29, 15)
(3, 66)
(19, 35)
(6, 57)
(63, 3)
(5, 56)
(25, 6)
(54, 19)
(38, 4)
(5, 22)
(13, 48)
(11, 21)
(9, 15)
(8, 25)
(70, 16)
(4, 40)
(71, 9)
(17, 35)
(85, 72)
(23, 66)
(69, 77)
(61, 11)
(19, 48)
(3, 45)
(74, 2)
(17, 97)
(80, 17)
(17, 87)
(88, 12)
(43, 97)
(27, 11)
(7, 93)
(43, 10)
(74, 6)
(10, 85)
(43, 9)
(94, 1)
(5, 75)
(82, 7)
(14, 49)
(9, 22)
(7, 6)
(1, 73)
(59, 15)
(70, 8)
(3, 20)
(14, 32)
(8, 10)
(71, 17)
(44, 30)
(39, 8)
(97, 13)
(80, 53)
(15, 62)
(91, 9)
(45, 7)
(16, 60)
(13, 83)
(17, 34)
(37, 44)
(69, 12)
(5, 62)
(9, 26)
(39, 55)
(18, 37)
(10, 59)
(55, 14)
(42, 19)
(67, 60)
(8, 48)
(8, 15)
(10, 43)
(84, 11)
(13, 88)
(2, 20)
(3, 75)
(15, 93)
(93, 27)
(46, 62)
(14, 59)
(11, 28)
(11, 70)
(19, 52)
(84, 10)
(88, 16)
(18, 41)
(39, 16)
(80, 10)
(88, 8)
(18, 99)
(53, 8)
(9, 49)
(31, 100)
(5, 82)
(11, 17)
(14, 31)
(14, 66)
(11, 62)
(12, 43)
(39, 9)
(6, 98)
(37, 2)
(12, 24)
(55, 4)
(23, 13)
(22, 8)
(17, 6)
(8, 78)
(94, 18)
(15, 94)
(9, 21)
(13, 27)
(10, 71)
(57, 85)
(26, 11)
(73, 16)
(40, 3)
(16, 29)
(4, 22)
(98, 16)
(5, 58)
(17, 22)
(82, 1)
(4, 1)
(26, 5)
(5, 50)
(17, 32)
(1, 11)
(47, 19)
(7, 58)
(5, 90)
(40, 95)
(53, 18)
(49, 5)
(9, 20)
(15, 98)
(73, 7)
(13, 93)
(56, 8)
(85, 57)
(51, 7)
(56, 5)
(19, 13)
(97, 43)
(38, 2)
(71, 18)
(1, 45)
(54, 8)
(81, 13)
(15, 29)
(34, 11)
(32, 9)
(99, 4)
(60, 16)
(20, 9)
(36, 1)
(19, 46)
(98, 2)
(26, 16)
(34, 63)
(56, 19)
(9, 86)
(92, 1)
(9, 46)
(5, 67)
(33, 12)
(36, 16)
(100, 4)
(84, 16)
(23, 81)
(2, 66)
(37, 18)
(6, 47)
(27, 3)
(2, 38)
(3, 61)
(19, 11)
(70, 28)
(42, 3)
(12, 3)
(9, 53)
(4, 97)
(5, 1)
(5, 70)
(32, 6)
(55, 37)
(27, 29)
(14, 12)
(4, 11)
(47, 6)
(6, 8)
(5, 7)
(20, 11)
(49, 17)
(30, 6)
(35, 16)
(37, 4)
(17, 7)
(19, 84)
(9, 10)
(32, 2)
(65, 19)
(93, 4)
(16, 61)
(32, 4)
(85, 10)
(10, 84)
(63, 14)
(19, 2)
(69, 17)
(59, 17)
(54, 9)
(79, 30)
(23, 6)
(45, 3)
(48, 1)
(53, 19)
(87, 1)
(35, 19)
(31, 18)
(61, 17)
(10, 48)
(49, 18)
(32, 11)
(18, 77)
(12, 78)
(2, 79)
(99, 68)
(19, 65)
(20, 5)
(96, 7)
(7, 48)
(2, 85)
(4, 82)
(71, 55)
(2, 6)
(67, 16)
(3, 63)
(7, 36)
(2, 80)
(2, 37)
(32, 19)
(70, 11)
(7, 17)
(30, 4)
(38, 11)
(49, 8)
(9, 43)
(52, 7)
(4, 51)
(55, 16)
(38, 1)
(34, 18)
(46, 12)
(71, 12)
(65, 3)
(18, 55)
(9, 66)
(3, 26)
(14, 41)
(12, 72)
(16, 32)
(13, 44)
(40, 7)
(16, 96)
(6, 20)
(47, 75)
(74, 18)
(1, 35)
(4, 33)
(43, 4)
(29, 10)
(14, 10)
(85, 8)
(2, 19)
(68, 13)
(4, 9)
(18, 7)
(40, 8)
(97, 1)
(82, 18)
(10, 30)
(14, 38)
(11, 5)
(93, 13)
(8, 36)
(15, 85)
(71, 4)
(56, 17)
(65, 16)
(40, 65)
(39, 13)
(14, 91)
(73, 17)
(16, 28)
(12, 34)
(1, 46)
(9, 14)
(1, 32)
(100, 31)
(39, 7)
(3, 55)
(22, 9)
(31, 51)
(28, 11)
(91, 12)
(12, 23)
(19, 30)
(14, 93)
(58, 46)
(15, 22)
(10, 75)
(1, 91)
(52, 9)
(7, 23)
(9, 36)
(54, 18)
(19, 22)
(29, 3)
(8, 93)
(17, 90)
(78, 4)
(9, 3)
(47, 10)
(3, 72)
(46, 17)
(34, 13)
(27, 6)
(16, 90)
(17, 12)
(6, 93)
(8, 35)
(40, 5)
(14, 89)
(6, 94)
(2, 100)
(5, 77)
(6, 2)
(94, 8)
(6, 33)
(49, 9)
(2, 76)
(78, 16)
(48, 8)
(19, 20)
(14, 35)
(26, 10)
(58, 4)
(94, 17)
(82, 15)
(5, 23)
(74, 8)
(13, 57)
(15, 73)
(87, 61)
(20, 13)
(13, 4)
(83, 7)
(16, 100)
(97, 18)
(28, 18)
(68, 99)
(57, 13)
(5, 33)
(62, 15)
(19, 45)
(11, 52)
(100, 14)
(44, 7)
(3, 41)
(14, 5)
(4, 7)
(80, 1)
(17, 46)
(83, 14)
(44, 2)
(2, 21)
(97, 9)
(18, 24)
(5, 29)
(9, 8)
(70, 17)
(33, 6)
(87, 12)
(58, 15)
(37, 14)
(61, 8)
(3, 91)
(67, 2)
(3, 16)
(48, 14)
(6, 25)
(13, 14)
(36, 5)
(19, 32)
(62, 3)
(2, 59)
(72, 85)
(68, 5)
(13, 63)
(8, 28)
(96, 3)
(24, 3)
(32, 1)
(7, 52)
(8, 74)
(61, 87)
(36, 8)
(71, 7)
(4, 58)
(11, 59)
(50, 8)
(1, 93)
(23, 8)
(64, 3)
(17, 94)
(42, 14)
(4, 49)
(17, 70)
(100, 16)
(15, 61)
(18, 34)
(21, 1)
(4, 30)
(14, 61)
(5, 63)
(66, 9)
(30, 18)
(64, 5)
(68, 1)
(9, 70)
(8, 67)
(92, 11)
(39, 4)
(88, 17)
(9, 69)
(48, 16)
(9, 88)
(81, 16)
(33, 5)
(4, 83)
(18, 92)
(11, 51)
(10, 69)
(4, 57)
(50, 3)
(53, 2)
(15, 8)
(8, 57)
(68, 10)
(8, 14)
(4, 93)
(16, 70)
(18, 30)
(12, 90)
(61, 15)
(62, 10)
(58, 18)
(87, 16)
(32, 17)
(6, 51)
(84, 9)
(15, 99)
(56, 11)
(16, 86)
(4, 100)
(47, 7)
(1, 65)
(83, 4)
(5, 12)
(16, 82)
(29, 18)
(5, 41)
(37, 10)
(3, 48)
(8, 97)
(4, 47)
(11, 20)
(5, 15)
(16, 52)
(56, 1)
(11, 4)
(64, 9)
(64, 72)
(33, 15)
(13, 41)
(5, 57)
(4, 37)
(66, 16)
(70, 14)
(15, 63)
(7, 30)
(7, 63)
(85, 18)
(11, 18)
(27, 93)
(18, 32)
(44, 4)
(67, 8)
(72, 13)
(7, 5)
(30, 15)
(13, 70)
(1, 100)
(18, 93)
(90, 5)
(22, 16)
(2, 58)
(20, 17)
(1, 24)
(51, 12)
(1, 56)
(17, 25)
(9, 39)
(6, 70)
(7, 10)
(72, 78)
(90, 12)
(78, 17)
(8, 80)
(63, 18)
(41, 14)
(3, 51)
(1, 2)
(14, 50)
(59, 4)
(16, 40)
(7, 3)
(26, 2)
(16, 55)
(80, 55)
(19, 50)
(19, 53)
(42, 15)
(12, 32)
(17, 59)
(84, 6)
(23, 4)
(59, 16)
(14, 29)
(57, 2)
(2, 35)
(9, 71)
(24, 6)
(51, 2)
(70, 12)
(19, 34)
(2, 56)
(11, 44)
(15, 42)
(34, 19)
(66, 23)
(7, 47)
(15, 51)
(8, 96)
(13, 9)
(74, 12)
(55, 80)
(18, 94)
(3, 62)
(76, 8)
(10, 37)
(61, 16)
(83, 94)
(10, 91)
(7, 61)
(7, 96)
(9, 27)
(17, 61)
(18, 96)
(6, 53)
(5, 36)
(13, 16)
(55, 3)
(62, 46)
(2, 42)
(3, 9)
(10, 12)
(11, 84)
(53, 12)
(4, 87)
(1, 94)
(72, 15)
(44, 1)
(58, 65)
(13, 6)
(1, 4)
(16, 39)
(94, 57)
(51, 15)
(56, 97)
(1, 9)
(37, 59)
(11, 6)
(16, 78)
(85, 17)
(19, 63)
(56, 69)
(19, 54)
(4, 36)
(99, 15)
(90, 6)
(78, 18)
(90, 17)
(75, 2)
(28, 1)
(22, 17)
(26, 17)
(18, 48)
(12, 74)
(3, 11)
(64, 15)
(15, 30)
(29, 9)
(71, 10)
(15, 16)
(11, 47)
(90, 16)
(7, 50)
(40, 38)
(17, 71)
(54, 14)
(17, 36)
(50, 5)
(10, 34)
(88, 2)
(4, 81)
(16, 3)
(77, 69)
(17, 37)
(84, 15)
(35, 6)
(14, 21)
(2, 54)
(6, 67)
(77, 5)
(14, 48)
(26, 13)
(42, 9)
(47, 16)
(33, 19)
(41, 3)
(5, 61)
(5, 49)
(27, 63)
(68, 16)
(6, 7)
(35, 8)
(32, 16)
(28, 70)
(1, 79)
(9, 93)
(10, 47)
(11, 45)
(81, 24)
(2, 69)
(14, 26)
(96, 68)
(5, 32)
(45, 99)
(35, 14)
(8, 94)
(10, 83)
(84, 3)
(2, 51)
(8, 41)
(6, 62)
(14, 37)
(71, 16)
(11, 81)
(44, 10)
(73, 9)
(12, 97)
(18, 40)
(19, 59)
(37, 55)
(10, 44)
(30, 10)
(12, 39)
(18, 21)
(46, 1)
(13, 92)
(4, 66)
(19, 55)
(16, 76)
(57, 94)
(94, 7)
(4, 8)
(16, 34)
(59, 5)
(66, 15)
(5, 97)
(35, 49)
(93, 8)
(1, 72)
(6, 44)
(7, 95)
(11, 55)
(38, 13)
(14, 74)
(10, 9)
(45, 19)
(33, 1)
(83, 16)
(42, 2)
(12, 10)
(14, 82)
(12, 53)
(17, 72)
(82, 14)
(65, 7)
(32, 5)
(38, 8)
(78, 72)
(15, 72)
(65, 17)
(5, 2)
(60, 84)
(19, 26)
(76, 2)
(11, 90)
(18, 89)
(70, 45)
(12, 71)
(22, 12)
(51, 14)
(62, 5)
(6, 61)
(9, 28)
(86, 14)
(25, 11)
(49, 12)
(55, 17)
(10, 42)
(14, 11)
(47, 11)
(88, 9)
(20, 6)
(9, 33)
(28, 4)
(53, 4)
(30, 14)
(11, 92)
(24, 13)
(16, 59)
(91, 10)
(51, 4)
(6, 15)
(3, 84)
(64, 73)
(99, 13)
(63, 34)
(4, 13)
(94, 4)
(87, 3)
(66, 11);

set L := 25
11
9
6
1
18
8
15
24
14
4
16
20
10
21
19
22
23
12
7
3
2
5
13
17;

set EL[1] :=
(10, 59)
(59, 10)
(1, 5)
(5, 1)
(1, 14)
(14, 1)
(2, 27)
(27, 2)
(2, 51)
(51, 2)
(2, 83)
(83, 2)
(3, 24)
(24, 3)
(4, 26)
(26, 4)
(4, 39)
(39, 4)
(4, 57)
(57, 4)
(4, 82)
(82, 4)
(5, 67)
(67, 5)
(6, 55)
(55, 6)
(6, 61)
(61, 6)
(6, 67)
(67, 6)
(7, 22)
(22, 7)
(8, 16)
(16, 8)
(8, 54)
(54, 8)
(8, 74)
(74, 8)
(10, 18)
(18, 10)
(10, 23)
(23, 10)
(10, 84)
(84, 10)
(11, 26)
(26, 11)
(11, 55)
(55, 11)
(11, 66)
(66, 11)
(11, 82)
(82, 11)
(11, 99)
(99, 11)
(12, 68)
(68, 12)
(13, 22)
(22, 13)
(13, 36)
(36, 13)
(15, 73)
(73, 15)
(15, 98)
(98, 15)
(15, 100)
(100, 15)
(16, 38)
(38, 16)
(16, 45)
(45, 16)
(16, 47)
(47, 16)
(16, 78)
(78, 16)
(16, 81)
(81, 16)
(17, 23)
(23, 17)
(17, 76)
(76, 17)
(18, 40)
(40, 18)
(19, 51)
(51, 19)
(19, 64)
(64, 19);

set EL[2] :=
(94, 57)
(57, 94)
(37, 17)
(17, 37)
(79, 38)
(38, 79)
(24, 81)
(81, 24)
(47, 75)
(75, 47)
(72, 48)
(48, 72)
(1, 22)
(22, 1)
(2, 38)
(38, 2)
(3, 4)
(4, 3)
(3, 35)
(35, 3)
(4, 22)
(22, 4)
(4, 30)
(30, 4)
(4, 40)
(40, 4)
(4, 81)
(81, 4)
(5, 7)
(7, 5)
(5, 68)
(68, 5)
(5, 97)
(97, 5)
(7, 58)
(58, 7)
(7, 63)
(63, 7)
(8, 14)
(14, 8)
(8, 36)
(36, 8)
(8, 55)
(55, 8)
(11, 19)
(19, 11)
(12, 48)
(48, 12)
(13, 14)
(14, 13)
(13, 15)
(15, 13)
(13, 64)
(64, 13)
(14, 50)
(50, 14)
(14, 79)
(79, 14)
(15, 45)
(45, 15)
(15, 63)
(63, 15)
(16, 26)
(26, 16)
(16, 75)
(75, 16)
(16, 76)
(76, 16)
(17, 49)
(49, 17)
(17, 73)
(73, 17)
(17, 80)
(80, 17)
(17, 94)
(94, 17)
(18, 23)
(23, 18)
(18, 94)
(94, 18)
(19, 59)
(59, 19);

set EL[3] :=
(57, 85)
(85, 57)
(19, 98)
(98, 19)
(6, 74)
(74, 6)
(77, 69)
(69, 77)
(62, 46)
(46, 62)
(43, 97)
(97, 43)
(81, 23)
(23, 81)
(68, 96)
(96, 68)
(1, 91)
(91, 1)
(3, 20)
(20, 3)
(3, 50)
(50, 3)
(3, 51)
(51, 3)
(3, 62)
(62, 3)
(3, 70)
(70, 3)
(3, 75)
(75, 3)
(3, 96)
(96, 3)
(4, 58)
(58, 4)
(5, 36)
(36, 5)
(5, 47)
(47, 5)
(5, 77)
(77, 5)
(6, 11)
(11, 6)
(6, 84)
(84, 6)
(7, 12)
(12, 7)
(7, 78)
(78, 7)
(8, 39)
(39, 8)
(8, 48)
(48, 8)
(8, 61)
(61, 8)
(9, 97)
(97, 9)
(11, 21)
(21, 11)
(11, 52)
(52, 11)
(12, 71)
(71, 12)
(12, 87)
(87, 12)
(12, 89)
(89, 12)
(13, 31)
(31, 13)
(13, 57)
(57, 13)
(13, 72)
(72, 13)
(14, 82)
(82, 14)
(15, 30)
(30, 15)
(16, 21)
(21, 16)
(16, 32)
(32, 16)
(16, 34)
(34, 16)
(16, 74)
(74, 16)
(17, 87)
(87, 17)
(17, 90)
(90, 17)
(17, 97)
(97, 17)
(18, 58)
(58, 18)
(19, 50)
(50, 19);

set EL[4] :=
(42, 2)
(2, 42)
(97, 73)
(73, 97)
(49, 35)
(35, 49)
(69, 5)
(5, 69)
(87, 4)
(4, 87)
(1, 28)
(28, 1)
(3, 86)
(86, 3)
(4, 19)
(19, 4)
(4, 68)
(68, 4)
(5, 62)
(62, 5)
(5, 95)
(95, 5)
(6, 14)
(14, 6)
(6, 24)
(24, 6)
(6, 26)
(26, 6)
(6, 94)
(94, 6)
(7, 83)
(83, 7)
(8, 30)
(30, 8)
(9, 26)
(26, 9)
(9, 43)
(43, 9)
(9, 52)
(52, 9)
(9, 73)
(73, 9)
(9, 96)
(96, 9)
(11, 61)
(61, 11)
(13, 48)
(48, 13)
(16, 60)
(60, 16)
(17, 29)
(29, 17)
(17, 31)
(31, 17)
(18, 37)
(37, 18);

set EL[5] :=
(29, 27)
(27, 29)
(53, 86)
(86, 53)
(1, 26)
(26, 1)
(1, 35)
(35, 1)
(1, 48)
(48, 1)
(2, 92)
(92, 2)
(4, 78)
(78, 4)
(5, 29)
(29, 5)
(5, 76)
(76, 5)
(6, 62)
(62, 6)
(6, 100)
(100, 6)
(7, 73)
(73, 7)
(8, 22)
(22, 8)
(8, 80)
(80, 8)
(9, 21)
(21, 9)
(9, 28)
(28, 9)
(9, 68)
(68, 9)
(10, 76)
(76, 10)
(11, 12)
(12, 11)
(11, 17)
(17, 11)
(11, 20)
(20, 11)
(11, 44)
(44, 11)
(12, 22)
(22, 12)
(12, 23)
(23, 12)
(12, 34)
(34, 12)
(12, 97)
(97, 12)
(13, 46)
(46, 13)
(13, 54)
(54, 13)
(13, 89)
(89, 13)
(14, 48)
(48, 14)
(15, 61)
(61, 15)
(16, 65)
(65, 16)
(16, 85)
(85, 16)
(17, 56)
(56, 17)
(18, 29)
(29, 18);

set EL[6] :=
(80, 55)
(55, 80)
(100, 31)
(31, 100)
(99, 68)
(68, 99)
(98, 16)
(16, 98)
(58, 65)
(65, 58)
(2, 37)
(37, 2)
(2, 84)
(84, 2)
(3, 40)
(40, 3)
(3, 55)
(55, 3)
(3, 63)
(63, 3)
(4, 9)
(9, 4)
(4, 11)
(11, 4)
(4, 94)
(94, 4)
(5, 12)
(12, 5)
(5, 33)
(33, 5)
(5, 51)
(51, 5)
(5, 100)
(100, 5)
(6, 32)
(32, 6)
(7, 10)
(10, 7)
(7, 68)
(68, 7)
(8, 96)
(96, 8)
(9, 64)
(64, 9)
(10, 79)
(79, 10)
(11, 34)
(34, 11)
(11, 54)
(54, 11)
(11, 84)
(84, 11)
(12, 15)
(15, 12)
(13, 62)
(62, 13)
(13, 93)
(93, 13)
(13, 99)
(99, 13)
(14, 87)
(87, 14)
(15, 57)
(57, 15)
(16, 35)
(35, 16)
(16, 36)
(36, 16)
(17, 61)
(61, 17)
(19, 23)
(23, 19)
(19, 43)
(43, 19);

set EL[7] :=
(71, 55)
(55, 71)
(99, 45)
(45, 99)
(1, 9)
(9, 1)
(1, 73)
(73, 1)
(1, 88)
(88, 1)
(1, 94)
(94, 1)
(2, 65)
(65, 2)
(2, 66)
(66, 2)
(2, 93)
(93, 2)
(3, 8)
(8, 3)
(3, 21)
(21, 3)
(4, 43)
(43, 4)
(4, 44)
(44, 4)
(4, 65)
(65, 4)
(4, 71)
(71, 4)
(4, 95)
(95, 4)
(5, 20)
(20, 5)
(5, 23)
(23, 5)
(5, 56)
(56, 5)
(6, 27)
(27, 6)
(6, 75)
(75, 6)
(7, 18)
(18, 7)
(7, 44)
(44, 7)
(7, 51)
(51, 7)
(8, 63)
(63, 8)
(10, 12)
(12, 10)
(10, 78)
(78, 10)
(10, 83)
(83, 10)
(12, 46)
(46, 12)
(12, 76)
(76, 12)
(12, 93)
(93, 12)
(13, 24)
(24, 13)
(13, 67)
(67, 13)
(14, 29)
(29, 14)
(14, 63)
(63, 14)
(15, 22)
(22, 15)
(15, 83)
(83, 15)
(16, 31)
(31, 16)
(17, 20)
(20, 17)
(17, 71)
(71, 17)
(18, 30)
(30, 18)
(18, 31)
(31, 18)
(19, 54)
(54, 19);

set EL[8] :=
(49, 93)
(93, 49)
(33, 17)
(17, 33)
(91, 24)
(24, 91)
(26, 92)
(92, 26)
(1, 32)
(32, 1)
(2, 80)
(80, 2)
(3, 34)
(34, 3)
(3, 65)
(65, 3)
(4, 18)
(18, 4)
(4, 59)
(59, 4)
(4, 75)
(75, 4)
(5, 10)
(10, 5)
(5, 58)
(58, 5)
(6, 63)
(63, 6)
(6, 72)
(72, 6)
(8, 9)
(9, 8)
(8, 37)
(37, 8)
(9, 49)
(49, 9)
(9, 84)
(84, 9)
(9, 91)
(91, 9)
(11, 14)
(14, 11)
(11, 35)
(35, 11)
(11, 53)
(53, 11)
(12, 20)
(20, 12)
(12, 26)
(26, 12)
(12, 70)
(70, 12)
(13, 68)
(68, 13)
(14, 23)
(23, 14)
(14, 66)
(66, 14)
(15, 66)
(66, 15)
(15, 95)
(95, 15)
(16, 24)
(24, 16)
(16, 48)
(48, 16)
(16, 70)
(70, 16)
(16, 86)
(86, 16)
(17, 59)
(59, 17)
(17, 70)
(70, 17)
(18, 21)
(21, 18)
(18, 48)
(48, 18)
(19, 33)
(33, 19)
(19, 38)
(38, 19)
(19, 52)
(52, 19);

set EL[9] :=
(19, 31)
(31, 19)
(84, 60)
(60, 84)
(40, 95)
(95, 40)
(64, 73)
(73, 64)
(34, 63)
(63, 34)
(66, 42)
(42, 66)
(56, 97)
(97, 56)
(1, 92)
(92, 1)
(3, 11)
(11, 3)
(3, 45)
(45, 3)
(4, 36)
(36, 4)
(5, 52)
(52, 5)
(5, 59)
(59, 5)
(6, 8)
(8, 6)
(6, 48)
(48, 6)
(8, 29)
(29, 8)
(8, 85)
(85, 8)
(8, 94)
(94, 8)
(9, 10)
(10, 9)
(10, 37)
(37, 10)
(11, 67)
(67, 11)
(12, 43)
(43, 12)
(12, 53)
(53, 12)
(12, 74)
(74, 12)
(13, 80)
(80, 13)
(13, 92)
(92, 13)
(14, 21)
(21, 14)
(15, 16)
(16, 15)
(15, 85)
(85, 15)
(16, 40)
(40, 16)
(17, 25)
(25, 17)
(17, 32)
(32, 17)
(17, 78)
(78, 17)
(17, 91)
(91, 17)
(18, 41)
(41, 18)
(19, 36)
(36, 19);

set EL[10] :=
(1, 37)
(37, 1)
(1, 79)
(79, 1)
(2, 21)
(21, 2)
(2, 71)
(71, 2)
(2, 88)
(88, 2)
(2, 96)
(96, 2)
(3, 12)
(12, 3)
(4, 5)
(5, 4)
(5, 25)
(25, 5)
(5, 40)
(40, 5)
(5, 75)
(75, 5)
(7, 93)
(93, 7)
(9, 29)
(29, 9)
(9, 36)
(36, 9)
(9, 42)
(42, 9)
(9, 58)
(58, 9)
(9, 93)
(93, 9)
(10, 45)
(45, 10)
(10, 80)
(80, 10)
(11, 36)
(36, 11)
(11, 62)
(62, 11)
(12, 30)
(30, 12)
(12, 61)
(61, 12)
(12, 88)
(88, 12)
(13, 19)
(19, 13)
(14, 38)
(38, 14)
(14, 54)
(54, 14)
(14, 88)
(88, 14)
(15, 37)
(37, 15)
(15, 62)
(62, 15)
(16, 68)
(68, 16)
(16, 84)
(84, 16)
(17, 63)
(63, 17)
(17, 65)
(65, 17)
(17, 79)
(79, 17)
(17, 81)
(81, 17)
(17, 89)
(89, 17)
(17, 100)
(100, 17)
(18, 32)
(32, 18)
(18, 67)
(67, 18)
(19, 63)
(63, 19);

set EL[11] :=
(27, 63)
(63, 27)
(1, 21)
(21, 1)
(1, 24)
(24, 1)
(1, 29)
(29, 1)
(2, 30)
(30, 2)
(2, 44)
(44, 2)
(2, 67)
(67, 2)
(2, 98)
(98, 2)
(3, 64)
(64, 3)
(4, 66)
(66, 4)
(4, 93)
(93, 4)
(5, 63)
(63, 5)
(5, 70)
(70, 5)
(5, 91)
(91, 5)
(6, 15)
(15, 6)
(6, 33)
(33, 6)
(6, 38)
(38, 6)
(6, 49)
(49, 6)
(7, 17)
(17, 7)
(7, 27)
(27, 7)
(7, 38)
(38, 7)
(7, 88)
(88, 7)
(8, 13)
(13, 8)
(9, 14)
(14, 9)
(9, 40)
(40, 9)
(10, 64)
(64, 10)
(11, 27)
(27, 11)
(11, 40)
(40, 11)
(11, 45)
(45, 11)
(11, 70)
(70, 11)
(11, 90)
(90, 11)
(11, 91)
(91, 11)
(13, 83)
(83, 13)
(14, 57)
(57, 14)
(14, 86)
(86, 14)
(14, 91)
(91, 14)
(14, 93)
(93, 14)
(15, 53)
(53, 15)
(15, 59)
(59, 15)
(16, 29)
(29, 16)
(16, 61)
(61, 16)
(16, 69)
(69, 16)
(16, 100)
(100, 16)
(17, 36)
(36, 17)
(17, 84)
(84, 17)
(18, 51)
(51, 18)
(18, 86)
(86, 18)
(18, 87)
(87, 18);

set EL[12] :=
(1, 61)
(61, 1)
(41, 22)
(22, 41)
(22, 68)
(68, 22)
(4, 47)
(47, 4)
(90, 93)
(93, 90)
(1, 3)
(3, 1)
(1, 43)
(43, 1)
(1, 45)
(45, 1)
(1, 72)
(72, 1)
(1, 75)
(75, 1)
(1, 82)
(82, 1)
(1, 93)
(93, 1)
(2, 94)
(94, 2)
(4, 23)
(23, 4)
(4, 55)
(55, 4)
(4, 86)
(86, 4)
(5, 41)
(41, 5)
(5, 49)
(49, 5)
(5, 60)
(60, 5)
(6, 30)
(30, 6)
(6, 44)
(44, 6)
(6, 51)
(51, 6)
(6, 53)
(53, 6)
(6, 85)
(85, 6)
(6, 93)
(93, 6)
(7, 65)
(65, 7)
(7, 67)
(67, 7)
(7, 80)
(80, 7)
(8, 49)
(49, 8)
(9, 13)
(13, 9)
(9, 20)
(20, 9)
(9, 22)
(22, 9)
(9, 76)
(76, 9)
(10, 11)
(11, 10)
(11, 86)
(86, 11)
(11, 89)
(89, 11)
(12, 31)
(31, 12)
(12, 54)
(54, 12)
(12, 64)
(64, 12)
(12, 72)
(72, 12)
(13, 20)
(20, 13)
(13, 26)
(26, 13)
(13, 61)
(61, 13)
(14, 100)
(100, 14)
(15, 68)
(68, 15)
(16, 59)
(59, 16)
(16, 83)
(83, 16)
(16, 89)
(89, 16)
(17, 42)
(42, 17)
(17, 74)
(74, 17)
(17, 99)
(99, 17)
(18, 28)
(28, 18)
(18, 34)
(34, 18)
(18, 78)
(78, 18)
(19, 47)
(47, 19);

set EL[13] :=
(52, 86)
(86, 52)
(63, 76)
(76, 63)
(59, 37)
(37, 59)
(82, 5)
(5, 82)
(1, 53)
(53, 1)
(1, 96)
(96, 1)
(2, 6)
(6, 2)
(2, 69)
(69, 2)
(3, 9)
(9, 3)
(3, 46)
(46, 3)
(4, 38)
(38, 4)
(5, 14)
(14, 5)
(5, 57)
(57, 5)
(6, 12)
(12, 6)
(6, 40)
(40, 6)
(6, 57)
(57, 6)
(6, 88)
(88, 6)
(7, 45)
(45, 7)
(7, 52)
(52, 7)
(8, 53)
(53, 8)
(8, 93)
(93, 8)
(9, 45)
(45, 9)
(9, 71)
(71, 9)
(10, 38)
(38, 10)
(10, 68)
(68, 10)
(11, 13)
(13, 11)
(11, 51)
(51, 11)
(13, 100)
(100, 13)
(14, 83)
(83, 14)
(15, 44)
(44, 15)
(15, 99)
(99, 15)
(16, 39)
(39, 16)
(17, 55)
(55, 17);

set EL[14] :=
(3, 48)
(48, 3)
(65, 40)
(40, 65)
(77, 35)
(35, 77)
(20, 96)
(96, 20)
(77, 21)
(21, 77)
(1, 33)
(33, 1)
(1, 80)
(80, 1)
(1, 97)
(97, 1)
(2, 35)
(35, 2)
(2, 89)
(89, 2)
(3, 16)
(16, 3)
(3, 100)
(100, 3)
(4, 20)
(20, 4)
(6, 23)
(23, 6)
(8, 70)
(70, 8)
(9, 39)
(39, 9)
(10, 52)
(52, 10)
(10, 61)
(61, 10)
(11, 25)
(25, 11)
(13, 41)
(41, 13)
(13, 56)
(56, 13)
(13, 70)
(70, 13)
(14, 41)
(41, 14)
(14, 49)
(49, 14)
(14, 61)
(61, 14)
(14, 74)
(74, 14)
(15, 58)
(58, 15)
(15, 91)
(91, 15)
(15, 97)
(97, 15)
(16, 94)
(94, 16)
(17, 22)
(22, 17)
(19, 22)
(22, 19)
(19, 44)
(44, 19)
(19, 48)
(48, 19);

set EL[15] :=
(92, 16)
(16, 92)
(8, 15)
(15, 8)
(54, 33)
(33, 54)
(36, 7)
(7, 36)
(18, 12)
(12, 18)
(46, 58)
(58, 46)
(70, 6)
(6, 70)
(8, 38)
(38, 8)
(63, 61)
(61, 63)
(55, 19)
(19, 55)
(1, 66)
(66, 1)
(1, 67)
(67, 1)
(2, 20)
(20, 2)
(2, 57)
(57, 2)
(2, 79)
(79, 2)
(3, 72)
(72, 3)
(3, 89)
(89, 3)
(5, 34)
(34, 5)
(5, 53)
(53, 5)
(5, 87)
(87, 5)
(5, 99)
(99, 5)
(6, 13)
(13, 6)
(6, 29)
(29, 6)
(6, 90)
(90, 6)
(7, 23)
(23, 7)
(7, 71)
(71, 7)
(8, 25)
(25, 8)
(8, 64)
(64, 8)
(8, 97)
(97, 8)
(10, 34)
(34, 10)
(11, 32)
(32, 11)
(13, 55)
(55, 13)
(16, 73)
(73, 16)
(17, 47)
(47, 17)
(17, 53)
(53, 17)
(17, 54)
(54, 17)
(17, 98)
(98, 17)
(18, 69)
(69, 18)
(19, 26)
(26, 19);

set EL[16] :=
(67, 60)
(60, 67)
(11, 18)
(18, 11)
(25, 89)
(89, 25)
(24, 82)
(82, 24)
(70, 45)
(45, 70)
(1, 4)
(4, 1)
(1, 36)
(36, 1)
(1, 64)
(64, 1)
(1, 87)
(87, 1)
(2, 81)
(81, 2)
(2, 85)
(85, 2)
(3, 15)
(15, 3)
(3, 26)
(26, 3)
(3, 82)
(82, 3)
(4, 13)
(13, 4)
(4, 14)
(14, 4)
(5, 64)
(64, 5)
(6, 37)
(37, 6)
(7, 19)
(19, 7)
(7, 39)
(39, 7)
(7, 82)
(82, 7)
(7, 94)
(94, 7)
(8, 23)
(23, 8)
(9, 27)
(27, 9)
(9, 50)
(50, 9)
(9, 53)
(53, 9)
(9, 66)
(66, 9)
(9, 88)
(88, 9)
(11, 76)
(76, 11)
(11, 81)
(81, 11)
(12, 17)
(17, 12)
(12, 58)
(58, 12)
(12, 59)
(59, 12)
(14, 77)
(77, 14)
(14, 97)
(97, 14)
(16, 96)
(96, 16)
(17, 26)
(26, 17)
(17, 41)
(41, 17)
(17, 44)
(44, 17)
(18, 74)
(74, 18)
(18, 89)
(89, 18)
(19, 25)
(25, 19)
(19, 35)
(35, 19);

set EL[17] :=
(23, 66)
(66, 23)
(37, 44)
(44, 37)
(1, 34)
(34, 1)
(1, 56)
(56, 1)
(2, 8)
(8, 2)
(2, 19)
(19, 2)
(2, 26)
(26, 2)
(2, 33)
(33, 2)
(2, 59)
(59, 2)
(2, 76)
(76, 2)
(3, 84)
(84, 3)
(4, 35)
(35, 4)
(4, 63)
(63, 4)
(5, 30)
(30, 5)
(6, 20)
(20, 6)
(6, 42)
(42, 6)
(7, 48)
(48, 7)
(8, 50)
(50, 8)
(8, 73)
(73, 8)
(8, 86)
(86, 8)
(9, 63)
(63, 9)
(10, 30)
(30, 10)
(10, 35)
(35, 10)
(10, 43)
(43, 10)
(10, 44)
(44, 10)
(10, 71)
(71, 10)
(10, 96)
(96, 10)
(11, 92)
(92, 11)
(12, 45)
(45, 12)
(12, 50)
(50, 12)
(12, 96)
(96, 12)
(13, 28)
(28, 13)
(13, 38)
(38, 13)
(13, 63)
(63, 13)
(14, 42)
(42, 14)
(14, 80)
(80, 14)
(15, 94)
(94, 15)
(16, 71)
(71, 16)
(16, 87)
(87, 16)
(17, 64)
(64, 17)
(18, 24)
(24, 18)
(18, 76)
(76, 18)
(19, 30)
(30, 19);

set EL[18] :=
(12, 33)
(33, 12)
(73, 30)
(30, 73)
(1, 38)
(38, 1)
(2, 18)
(18, 2)
(2, 58)
(58, 2)
(2, 100)
(100, 2)
(3, 41)
(41, 3)
(3, 66)
(66, 3)
(4, 98)
(98, 4)
(4, 100)
(100, 4)
(5, 26)
(26, 5)
(5, 54)
(54, 5)
(7, 69)
(69, 7)
(7, 86)
(86, 7)
(8, 28)
(28, 8)
(9, 32)
(32, 9)
(9, 59)
(59, 9)
(11, 64)
(64, 11)
(12, 41)
(41, 12)
(12, 51)
(51, 12)
(12, 56)
(56, 12)
(12, 90)
(90, 12)
(13, 50)
(50, 13)
(13, 86)
(86, 13)
(14, 31)
(31, 14)
(14, 35)
(35, 14)
(14, 70)
(70, 14)
(14, 89)
(89, 14)
(16, 28)
(28, 16)
(16, 99)
(99, 16)
(17, 69)
(69, 17)
(18, 39)
(39, 18)
(18, 55)
(55, 18)
(18, 59)
(59, 18)
(18, 93)
(93, 18)
(19, 24)
(24, 19)
(19, 53)
(53, 19)
(19, 60)
(60, 19);

set EL[19] :=
(30, 44)
(44, 30)
(83, 94)
(94, 83)
(14, 51)
(51, 14)
(55, 39)
(39, 55)
(85, 72)
(72, 85)
(1, 44)
(44, 1)
(1, 74)
(74, 1)
(2, 54)
(54, 2)
(3, 36)
(36, 3)
(3, 91)
(91, 3)
(4, 62)
(62, 4)
(4, 76)
(76, 4)
(4, 89)
(89, 4)
(5, 50)
(50, 5)
(6, 25)
(25, 6)
(7, 47)
(47, 7)
(9, 46)
(46, 9)
(10, 14)
(14, 10)
(10, 47)
(47, 10)
(10, 75)
(75, 10)
(11, 47)
(47, 11)
(13, 25)
(25, 13)
(13, 52)
(52, 13)
(14, 16)
(16, 14)
(15, 17)
(17, 15)
(15, 33)
(33, 15)
(15, 42)
(42, 15)
(15, 64)
(64, 15)
(18, 53)
(53, 18)
(19, 45)
(45, 19)
(19, 46)
(46, 19);

set EL[20] :=
(99, 25)
(25, 99)
(89, 19)
(19, 89)
(13, 95)
(95, 13)
(78, 72)
(72, 78)
(40, 38)
(38, 40)
(1, 13)
(13, 1)
(1, 65)
(65, 1)
(1, 68)
(68, 1)
(2, 9)
(9, 2)
(2, 14)
(14, 2)
(2, 72)
(72, 2)
(2, 75)
(75, 2)
(3, 87)
(87, 3)
(4, 12)
(12, 4)
(4, 27)
(27, 4)
(4, 53)
(53, 4)
(5, 15)
(15, 5)
(6, 92)
(92, 6)
(7, 95)
(95, 7)
(7, 96)
(96, 7)
(8, 67)
(67, 8)
(8, 84)
(84, 8)
(8, 92)
(92, 8)
(9, 15)
(15, 9)
(10, 26)
(26, 10)
(10, 29)
(29, 10)
(10, 48)
(48, 10)
(10, 63)
(63, 10)
(11, 24)
(24, 11)
(11, 28)
(28, 11)
(11, 59)
(59, 11)
(12, 91)
(91, 12)
(13, 27)
(27, 13)
(14, 26)
(26, 14)
(15, 82)
(82, 15)
(15, 87)
(87, 15)
(15, 93)
(93, 15)
(16, 20)
(20, 16)
(16, 67)
(67, 16)
(18, 63)
(63, 18)
(18, 85)
(85, 18);

set EL[21] :=
(88, 13)
(13, 88)
(79, 36)
(36, 79)
(39, 50)
(50, 39)
(2, 32)
(32, 2)
(72, 64)
(64, 72)
(1, 2)
(2, 1)
(1, 100)
(100, 1)
(2, 4)
(4, 2)
(2, 5)
(5, 2)
(2, 11)
(11, 2)
(2, 73)
(73, 2)
(3, 7)
(7, 3)
(3, 23)
(23, 3)
(3, 30)
(30, 3)
(4, 33)
(33, 4)
(4, 42)
(42, 4)
(4, 83)
(83, 4)
(4, 84)
(84, 4)
(4, 99)
(99, 4)
(5, 28)
(28, 5)
(5, 84)
(84, 5)
(6, 47)
(47, 6)
(9, 65)
(65, 9)
(10, 42)
(42, 10)
(10, 50)
(50, 10)
(10, 69)
(69, 10)
(10, 85)
(85, 10)
(11, 22)
(22, 11)
(11, 37)
(37, 11)
(11, 38)
(38, 11)
(11, 56)
(56, 11)
(12, 52)
(52, 12)
(12, 69)
(69, 12)
(13, 39)
(39, 13)
(14, 37)
(37, 14)
(15, 70)
(70, 15)
(16, 58)
(58, 16)
(16, 64)
(64, 16)
(16, 82)
(82, 16)
(17, 46)
(46, 17)
(17, 52)
(52, 17)
(17, 85)
(85, 17)
(18, 71)
(71, 18)
(18, 92)
(92, 18)
(19, 42)
(42, 19);

set EL[22] :=
(51, 31)
(31, 51)
(1, 8)
(8, 1)
(1, 11)
(11, 1)
(1, 40)
(40, 1)
(2, 56)
(56, 2)
(2, 74)
(74, 2)
(3, 27)
(27, 3)
(3, 69)
(69, 3)
(4, 32)
(32, 4)
(4, 37)
(37, 4)
(4, 49)
(49, 4)
(4, 51)
(51, 4)
(5, 11)
(11, 5)
(6, 17)
(17, 6)
(6, 35)
(35, 6)
(7, 28)
(28, 7)
(7, 61)
(61, 7)
(7, 91)
(91, 7)
(8, 35)
(35, 8)
(8, 41)
(41, 8)
(8, 76)
(76, 8)
(9, 70)
(70, 9)
(10, 90)
(90, 10)
(10, 91)
(91, 10)
(11, 85)
(85, 11)
(12, 32)
(32, 12)
(12, 49)
(49, 12)
(13, 34)
(34, 13)
(13, 44)
(44, 13)
(14, 32)
(32, 14)
(14, 59)
(59, 14)
(15, 84)
(84, 15)
(16, 22)
(22, 16)
(16, 66)
(66, 16)
(16, 72)
(72, 16)
(17, 40)
(40, 17)
(17, 72)
(72, 17)
(18, 77)
(77, 18)
(18, 82)
(82, 18)
(18, 96)
(96, 18)
(18, 97)
(97, 18)
(19, 20)
(20, 19)
(19, 32)
(32, 19);

set EL[23] :=
(28, 70)
(70, 28)
(84, 19)
(19, 84)
(37, 55)
(55, 37)
(1, 31)
(31, 1)
(2, 7)
(7, 2)
(2, 25)
(25, 2)
(2, 52)
(52, 2)
(2, 53)
(53, 2)
(3, 38)
(38, 3)
(3, 58)
(58, 3)
(3, 73)
(73, 3)
(4, 97)
(97, 4)
(5, 44)
(44, 5)
(5, 90)
(90, 5)
(6, 97)
(97, 6)
(7, 40)
(40, 7)
(7, 43)
(43, 7)
(8, 34)
(34, 8)
(8, 56)
(56, 8)
(8, 100)
(100, 8)
(10, 62)
(62, 10)
(11, 95)
(95, 11)
(12, 37)
(37, 12)
(12, 77)
(77, 12)
(12, 94)
(94, 12)
(13, 16)
(16, 13)
(13, 23)
(23, 13)
(13, 66)
(66, 13)
(14, 55)
(55, 14)
(16, 55)
(55, 16)
(16, 90)
(90, 16)
(17, 88)
(88, 17)
(18, 49)
(49, 18)
(19, 34)
(34, 19)
(19, 56)
(56, 19);

set EL[24] :=
(86, 9)
(9, 86)
(27, 93)
(93, 27)
(1, 46)
(46, 1)
(2, 41)
(41, 2)
(3, 61)
(61, 3)
(4, 7)
(7, 4)
(4, 8)
(8, 4)
(4, 56)
(56, 4)
(5, 61)
(61, 5)
(6, 52)
(52, 6)
(6, 78)
(78, 6)
(7, 56)
(56, 7)
(7, 76)
(76, 7)
(7, 81)
(81, 7)
(8, 40)
(40, 8)
(8, 57)
(57, 8)
(8, 78)
(78, 8)
(9, 54)
(54, 9)
(10, 17)
(17, 10)
(10, 31)
(31, 10)
(10, 82)
(82, 10)
(12, 39)
(39, 12)
(12, 78)
(78, 12)
(14, 30)
(30, 14)
(15, 29)
(29, 15)
(15, 51)
(51, 15)
(15, 72)
(72, 15)
(16, 52)
(52, 16)
(17, 34)
(34, 17)
(17, 35)
(35, 17)
(18, 99)
(99, 18);

set EL[25] :=
(87, 61)
(61, 87)
(53, 80)
(80, 53)
(69, 56)
(56, 69)
(79, 30)
(30, 79)
(1, 16)
(16, 1)
(1, 69)
(69, 1)
(2, 60)
(60, 2)
(3, 29)
(29, 3)
(3, 42)
(42, 3)
(3, 44)
(44, 3)
(4, 28)
(28, 4)
(5, 19)
(19, 5)
(5, 22)
(22, 5)
(5, 32)
(32, 5)
(6, 7)
(7, 6)
(6, 65)
(65, 6)
(6, 98)
(98, 6)
(7, 30)
(30, 7)
(7, 50)
(50, 7)
(8, 10)
(10, 8)
(8, 88)
(88, 8)
(9, 33)
(33, 9)
(9, 69)
(69, 9)
(11, 88)
(88, 11)
(12, 14)
(14, 12)
(12, 24)
(24, 12)
(13, 81)
(81, 13)
(13, 82)
(82, 13)
(13, 84)
(84, 13)
(13, 97)
(97, 13)
(14, 46)
(46, 14)
(14, 68)
(68, 14)
(15, 28)
(28, 15)
(15, 67)
(67, 15)
(16, 88)
(88, 16)
(18, 54)
(54, 18)
(18, 68)
(68, 18)
(19, 65)
(65, 19);

param sizeV := 100;

param sizeEL := 
1 86
2 82
3 94
4 56
5 70
6 74
7 86
8 84
9 72
10 82
11 96
12 110
13 66
14 68
15 78
16 86
17 86
18 76
19 62
20 82
21 90
22 86
23 70
24 62
25 76;

end;