set V := 65
11
45
15
41
57
68
10
23
50
2
13
17
29
38
30
81
92
39
94
89
44
78
97
82
93
18
54
28
71
27
66
52
75
67
59
62
21
19
22
51
69
88
3
55
42
40
96
73
32
25
60
9
87
1
61
8
49
91
24
74
95
79
37
99
58
83
47
7
85
5
90
64
84
48
35
34
43
31
33
6
46
76
72
98
14
4
16
20
26
100
53
70
86
12
80
77
36
63
56;

set E:= 
(10, 35)
(2, 81)
(26, 8)
(4, 38)
(60, 8)
(8, 40)
(3, 52)
(32, 93)
(46, 5)
(6, 48)
(14, 8)
(1, 28)
(1, 31)
(5, 30)
(3, 39)
(52, 34)
(2, 64)
(98, 9)
(7, 49)
(3, 67)
(35, 4)
(7, 18)
(4, 90)
(68, 8)
(56, 9)
(1, 87)
(54, 11)
(87, 50)
(10, 5)
(30, 16)
(7, 91)
(4, 23)
(59, 12)
(20, 4)
(11, 82)
(12, 20)
(29, 1)
(6, 37)
(93, 1)
(2, 33)
(3, 49)
(10, 66)
(17, 9)
(10, 33)
(86, 29)
(6, 72)
(92, 6)
(65, 9)
(57, 5)
(44, 5)
(33, 2)
(13, 54)
(61, 12)
(52, 3)
(9, 37)
(4, 12)
(7, 74)
(94, 91)
(36, 88)
(10, 96)
(7, 72)
(5, 72)
(96, 11)
(69, 1)
(12, 96)
(11, 85)
(7, 16)
(12, 65)
(52, 5)
(24, 1)
(41, 13)
(12, 55)
(53, 30)
(6, 42)
(52, 6)
(11, 50)
(3, 5)
(17, 4)
(2, 23)
(44, 3)
(13, 72)
(84, 4)
(10, 62)
(66, 1)
(79, 85)
(23, 12)
(86, 11)
(3, 82)
(100, 2)
(11, 79)
(4, 95)
(28, 100)
(17, 11)
(9, 87)
(4, 27)
(83, 10)
(18, 57)
(5, 96)
(2, 16)
(13, 47)
(15, 13)
(67, 1)
(9, 17)
(3, 34)
(11, 29)
(85, 9)
(26, 1)
(51, 3)
(73, 11)
(79, 2)
(11, 96)
(52, 12)
(4, 56)
(8, 61)
(90, 3)
(95, 7)
(44, 13)
(53, 11)
(12, 31)
(79, 5)
(4, 71)
(4, 77)
(64, 13)
(4, 46)
(72, 37)
(5, 78)
(31, 8)
(6, 50)
(4, 99)
(4, 45)
(1, 10)
(50, 7)
(68, 19)
(69, 10)
(29, 13)
(47, 4)
(49, 4)
(92, 9)
(7, 25)
(87, 8)
(1, 55)
(9, 31)
(1, 54)
(87, 10)
(18, 3)
(11, 61)
(41, 8)
(78, 11)
(7, 43)
(49, 1)
(26, 9)
(61, 4)
(13, 78)
(13, 32)
(59, 29)
(36, 12)
(31, 12)
(8, 73)
(88, 5)
(81, 11)
(44, 9)
(77, 8)
(17, 14)
(4, 92)
(3, 1)
(42, 33)
(4, 94)
(93, 12)
(7, 87)
(75, 12)
(66, 7)
(2, 9)
(75, 6)
(56, 91)
(4, 29)
(70, 7)
(95, 3)
(73, 2)
(9, 79)
(10, 93)
(13, 96)
(4, 19)
(10, 78)
(53, 3)
(34, 12)
(45, 44)
(88, 6)
(5, 59)
(40, 48)
(3, 78)
(60, 7)
(35, 17)
(56, 3)
(65, 13)
(64, 10)
(12, 41)
(1, 95)
(70, 5)
(12, 76)
(5, 40)
(12, 68)
(66, 3)
(10, 81)
(31, 1)
(3, 44)
(52, 10)
(4, 44)
(27, 74)
(14, 4)
(11, 34)
(8, 24)
(3, 2)
(55, 66)
(61, 6)
(6, 35)
(32, 12)
(51, 9)
(31, 13)
(10, 64)
(9, 29)
(1, 34)
(13, 67)
(5, 46)
(79, 3)
(12, 77)
(8, 4)
(96, 12)
(39, 3)
(2, 8)
(73, 87)
(85, 11)
(96, 6)
(48, 7)
(33, 4)
(12, 56)
(96, 14)
(2, 39)
(13, 40)
(43, 7)
(12, 22)
(68, 4)
(4, 18)
(8, 63)
(76, 10)
(13, 52)
(19, 4)
(5, 26)
(69, 9)
(4, 35)
(9, 32)
(54, 4)
(4, 65)
(34, 9)
(14, 2)
(34, 5)
(8, 92)
(50, 1)
(2, 32)
(3, 46)
(65, 2)
(48, 12)
(5, 25)
(7, 28)
(3, 7)
(58, 3)
(10, 32)
(86, 10)
(6, 78)
(42, 6)
(2, 71)
(63, 7)
(23, 10)
(51, 11)
(6, 26)
(1, 68)
(43, 2)
(7, 34)
(85, 2)
(9, 57)
(25, 8)
(79, 1)
(5, 17)
(11, 26)
(4, 74)
(54, 1)
(78, 38)
(4, 53)
(2, 70)
(12, 8)
(80, 3)
(96, 10)
(1, 3)
(2, 3)
(12, 59)
(48, 51)
(11, 86)
(2, 95)
(1, 44)
(30, 53)
(7, 39)
(39, 87)
(14, 96)
(57, 3)
(48, 10)
(8, 29)
(11, 93)
(5, 92)
(18, 11)
(64, 44)
(13, 60)
(81, 2)
(59, 2)
(11, 91)
(6, 54)
(2, 43)
(25, 5)
(5, 54)
(16, 1)
(88, 3)
(5, 98)
(23, 3)
(31, 2)
(4, 20)
(13, 19)
(8, 87)
(89, 1)
(61, 31)
(13, 86)
(26, 12)
(10, 76)
(23, 63)
(6, 90)
(11, 2)
(12, 30)
(13, 59)
(11, 69)
(53, 10)
(11, 95)
(79, 6)
(1, 77)
(75, 11)
(22, 5)
(3, 23)
(24, 12)
(86, 8)
(93, 2)
(55, 13)
(1, 16)
(64, 11)
(10, 99)
(27, 10)
(45, 9)
(64, 8)
(40, 2)
(91, 7)
(27, 4)
(75, 10)
(6, 59)
(9, 7)
(7, 70)
(42, 10)
(6, 74)
(77, 10)
(48, 3)
(5, 13)
(92, 13)
(7, 76)
(10, 53)
(82, 12)
(54, 5)
(33, 8)
(63, 8)
(90, 9)
(12, 11)
(1, 50)
(99, 10)
(12, 27)
(50, 87)
(12, 51)
(83, 8)
(56, 10)
(11, 3)
(81, 1)
(6, 65)
(1, 27)
(39, 11)
(52, 11)
(9, 64)
(44, 8)
(12, 88)
(16, 30)
(48, 13)
(65, 8)
(3, 83)
(1, 25)
(11, 30)
(6, 55)
(8, 31)
(5, 93)
(55, 8)
(15, 6)
(45, 11)
(55, 43)
(100, 5)
(8, 46)
(38, 12)
(11, 100)
(12, 37)
(100, 12)
(70, 3)
(12, 82)
(7, 14)
(27, 9)
(6, 87)
(54, 2)
(47, 13)
(1, 23)
(59, 11)
(1, 48)
(80, 5)
(5, 44)
(10, 63)
(10, 45)
(7, 67)
(2, 27)
(10, 8)
(12, 40)
(77, 41)
(8, 64)
(10, 94)
(27, 12)
(82, 2)
(39, 6)
(4, 86)
(3, 79)
(59, 6)
(83, 9)
(7, 68)
(17, 1)
(12, 28)
(36, 3)
(21, 3)
(5, 19)
(17, 13)
(10, 15)
(37, 1)
(36, 4)
(1, 81)
(69, 2)
(74, 7)
(34, 8)
(86, 98)
(8, 20)
(26, 4)
(90, 4)
(9, 67)
(37, 12)
(8, 37)
(50, 4)
(16, 9)
(7, 81)
(6, 52)
(95, 2)
(13, 23)
(68, 7)
(31, 9)
(63, 9)
(78, 6)
(6, 71)
(93, 10)
(4, 28)
(48, 11)
(44, 11)
(12, 38)
(47, 17)
(63, 13)
(58, 11)
(12, 93)
(6, 89)
(66, 12)
(73, 8)
(63, 5)
(40, 12)
(12, 86)
(44, 45)
(70, 9)
(5, 71)
(2, 74)
(13, 100)
(12, 67)
(62, 1)
(85, 7)
(63, 23)
(56, 2)
(45, 10)
(8, 71)
(2, 73)
(99, 2)
(87, 13)
(3, 87)
(11, 98)
(13, 37)
(13, 22)
(6, 96)
(2, 98)
(5, 80)
(67, 80)
(89, 9)
(4, 70)
(93, 3)
(2, 65)
(2, 7)
(12, 5)
(9, 63)
(82, 11)
(45, 4)
(7, 11)
(5, 60)
(8, 70)
(1, 66)
(3, 69)
(8, 42)
(6, 79)
(23, 2)
(28, 7)
(9, 24)
(7, 79)
(90, 1)
(8, 22)
(92, 8)
(22, 6)
(7, 97)
(12, 19)
(6, 34)
(8, 86)
(20, 16)
(34, 90)
(78, 7)
(85, 79)
(41, 12)
(12, 69)
(1, 97)
(1, 99)
(25, 10)
(35, 13)
(10, 4)
(87, 6)
(43, 5)
(11, 37)
(24, 8)
(54, 10)
(11, 1)
(4, 61)
(33, 42)
(15, 7)
(13, 85)
(1, 29)
(13, 31)
(26, 6)
(6, 91)
(2, 61)
(12, 16)
(67, 12)
(13, 62)
(8, 9)
(10, 79)
(4, 41)
(75, 9)
(12, 48)
(69, 5)
(13, 29)
(5, 31)
(66, 4)
(19, 6)
(37, 11)
(9, 47)
(62, 11)
(11, 33)
(7, 4)
(9, 74)
(99, 5)
(43, 8)
(3, 60)
(11, 25)
(41, 5)
(12, 45)
(9, 96)
(11, 15)
(5, 94)
(89, 6)
(86, 5)
(97, 7)
(45, 12)
(69, 6)
(2, 1)
(23, 7)
(57, 4)
(8, 7)
(81, 9)
(4, 34)
(17, 47)
(72, 7)
(3, 95)
(15, 5)
(8, 52)
(13, 95)
(3, 58)
(6, 66)
(5, 79)
(6, 100)
(4, 84)
(55, 11)
(10, 77)
(53, 9)
(21, 71)
(1, 59)
(79, 9)
(27, 7)
(4, 14)
(91, 24)
(26, 3)
(13, 64)
(79, 10)
(20, 2)
(43, 12)
(63, 10)
(61, 7)
(86, 3)
(18, 13)
(76, 4)
(5, 86)
(35, 10)
(71, 11)
(8, 26)
(97, 3)
(56, 4)
(3, 21)
(69, 4)
(86, 7)
(80, 2)
(11, 72)
(15, 9)
(12, 87)
(6, 29)
(4, 48)
(15, 3)
(99, 9)
(13, 28)
(11, 54)
(11, 27)
(82, 5)
(12, 63)
(76, 96)
(11, 78)
(96, 2)
(75, 4)
(13, 91)
(31, 61)
(17, 3)
(39, 1)
(53, 6)
(80, 67)
(82, 70)
(54, 6)
(60, 5)
(33, 11)
(92, 2)
(5, 89)
(79, 7)
(1, 14)
(12, 33)
(97, 2)
(49, 87)
(65, 11)
(2, 96)
(69, 3)
(51, 6)
(54, 63)
(56, 12)
(78, 12)
(64, 69)
(71, 8)
(44, 12)
(73, 6)
(7, 83)
(12, 54)
(100, 6)
(34, 1)
(8, 88)
(8, 2)
(8, 39)
(82, 3)
(40, 9)
(11, 58)
(3, 68)
(2, 92)
(11, 71)
(3, 56)
(7, 73)
(56, 20)
(95, 4)
(77, 13)
(19, 10)
(54, 13)
(45, 1)
(55, 9)
(3, 15)
(4, 10)
(4, 78)
(29, 5)
(40, 11)
(41, 11)
(81, 7)
(40, 6)
(7, 90)
(8, 32)
(3, 59)
(48, 40)
(28, 10)
(1, 62)
(2, 34)
(13, 87)
(7, 78)
(7, 45)
(81, 5)
(3, 17)
(95, 5)
(47, 2)
(8, 11)
(3, 27)
(14, 16)
(6, 92)
(27, 2)
(30, 5)
(87, 9)
(94, 2)
(71, 2)
(27, 92)
(4, 59)
(80, 4)
(12, 46)
(88, 32)
(46, 10)
(64, 12)
(65, 4)
(34, 6)
(30, 12)
(7, 44)
(6, 5)
(87, 49)
(6, 60)
(67, 3)
(3, 19)
(10, 28)
(30, 8)
(12, 18)
(90, 11)
(50, 6)
(13, 21)
(10, 68)
(1, 60)
(92, 10)
(78, 2)
(1, 8)
(3, 65)
(6, 75)
(6, 30)
(12, 26)
(3, 70)
(42, 13)
(98, 10)
(93, 5)
(11, 89)
(1, 80)
(7, 75)
(55, 5)
(13, 39)
(8, 19)
(10, 16)
(99, 12)
(11, 65)
(58, 8)
(36, 11)
(4, 39)
(8, 59)
(77, 4)
(8, 27)
(32, 3)
(9, 52)
(76, 11)
(95, 6)
(64, 1)
(49, 10)
(87, 73)
(77, 95)
(35, 12)
(4, 25)
(52, 13)
(70, 82)
(10, 19)
(31, 7)
(19, 8)
(10, 7)
(14, 3)
(1, 82)
(5, 52)
(10, 23)
(1, 47)
(3, 32)
(9, 4)
(3, 29)
(15, 4)
(7, 12)
(5, 91)
(2, 94)
(89, 63)
(4, 63)
(18, 2)
(11, 76)
(5, 43)
(2, 67)
(100, 13)
(9, 2)
(14, 1)
(3, 98)
(13, 34)
(10, 26)
(55, 6)
(57, 18)
(13, 38)
(89, 3)
(8, 50)
(12, 61)
(47, 9)
(9, 23)
(3, 88)
(8, 23)
(10, 87)
(96, 9)
(13, 8)
(9, 95)
(62, 7)
(6, 4)
(12, 7)
(38, 6)
(7, 82)
(33, 13)
(34, 52)
(7, 86)
(2, 14)
(93, 11)
(3, 86)
(46, 4)
(13, 11)
(38, 65)
(48, 5)
(16, 14)
(9, 19)
(100, 7)
(12, 84)
(72, 11)
(84, 8)
(8, 38)
(13, 33)
(22, 13)
(46, 6)
(2, 25)
(89, 11)
(8, 13)
(73, 3)
(79, 8)
(13, 53)
(2, 41)
(91, 3)
(3, 12)
(73, 1)
(11, 64)
(9, 60)
(88, 13)
(59, 95)
(11, 13)
(11, 48)
(63, 4)
(7, 35)
(5, 95)
(37, 8)
(22, 7)
(2, 93)
(10, 61)
(3, 37)
(7, 51)
(86, 4)
(3, 100)
(7, 22)
(45, 8)
(60, 46)
(42, 7)
(78, 5)
(9, 55)
(1, 69)
(62, 4)
(20, 3)
(3, 80)
(83, 100)
(37, 6)
(95, 13)
(13, 99)
(4, 62)
(77, 6)
(18, 9)
(11, 63)
(10, 31)
(5, 76)
(1, 17)
(13, 80)
(6, 28)
(5, 34)
(10, 52)
(29, 59)
(11, 94)
(19, 5)
(45, 2)
(16, 10)
(48, 92)
(91, 5)
(11, 40)
(8, 34)
(5, 10)
(49, 7)
(9, 85)
(27, 5)
(8, 30)
(44, 6)
(7, 24)
(39, 2)
(8, 6)
(33, 9)
(6, 27)
(11, 9)
(25, 2)
(4, 54)
(81, 8)
(9, 40)
(13, 25)
(75, 3)
(9, 97)
(37, 3)
(22, 41)
(9, 44)
(6, 12)
(11, 75)
(13, 58)
(34, 3)
(5, 69)
(10, 56)
(8, 76)
(80, 13)
(79, 13)
(31, 10)
(6, 21)
(2, 57)
(40, 4)
(23, 5)
(4, 64)
(3, 89)
(12, 4)
(46, 60)
(8, 1)
(99, 1)
(80, 8)
(82, 4)
(8, 49)
(96, 13)
(85, 4)
(77, 7)
(2, 99)
(13, 7)
(22, 2)
(52, 1)
(41, 2)
(2, 31)
(10, 1)
(8, 69)
(4, 32)
(7, 8)
(13, 55)
(7, 40)
(11, 36)
(62, 13)
(3, 36)
(21, 4)
(70, 6)
(13, 51)
(64, 2)
(13, 26)
(1, 67)
(95, 11)
(7, 15)
(24, 5)
(28, 5)
(8, 18)
(10, 17)
(67, 6)
(6, 40)
(3, 6)
(46, 9)
(7, 53)
(13, 81)
(6, 88)
(9, 5)
(36, 7)
(31, 5)
(12, 70)
(29, 6)
(83, 12)
(60, 13)
(8, 75)
(1, 75)
(20, 12)
(11, 14)
(20, 10)
(2, 18)
(1, 78)
(8, 55)
(8, 58)
(19, 68)
(2, 87)
(12, 52)
(65, 6)
(93, 32)
(8, 89)
(12, 44)
(25, 1)
(5, 68)
(96, 8)
(6, 23)
(9, 45)
(60, 9)
(76, 7)
(81, 4)
(10, 39)
(3, 35)
(17, 78)
(2, 83)
(29, 8)
(12, 100)
(72, 4)
(5, 28)
(21, 8)
(90, 34)
(76, 36)
(78, 8)
(10, 98)
(1, 76)
(16, 11)
(24, 4)
(78, 10)
(27, 13)
(10, 6)
(11, 24)
(97, 5)
(34, 2)
(2, 49)
(75, 5)
(3, 93)
(69, 13)
(2, 11)
(5, 20)
(88, 4)
(77, 12)
(9, 1)
(36, 9)
(59, 3)
(72, 6)
(84, 1)
(75, 1)
(28, 8)
(6, 68)
(4, 21)
(32, 13)
(98, 3)
(59, 1)
(62, 6)
(1, 39)
(11, 31)
(1, 49)
(67, 7)
(28, 13)
(20, 56)
(24, 11)
(65, 12)
(6, 24)
(94, 6)
(4, 55)
(5, 53)
(41, 22)
(1, 37)
(5, 6)
(18, 65)
(48, 6)
(94, 13)
(61, 10)
(45, 5)
(12, 99)
(5, 99)
(80, 7)
(99, 30)
(12, 60)
(12, 64)
(70, 13)
(84, 5)
(11, 99)
(29, 11)
(35, 1)
(99, 11)
(98, 8)
(76, 13)
(71, 6)
(67, 13)
(12, 98)
(2, 17)
(3, 64)
(1, 21)
(6, 38)
(28, 9)
(93, 6)
(91, 11)
(18, 4)
(69, 64)
(35, 3)
(27, 8)
(3, 50)
(4, 75)
(40, 13)
(50, 11)
(77, 1)
(18, 12)
(92, 48)
(9, 89)
(41, 1)
(3, 42)
(13, 20)
(53, 5)
(61, 3)
(11, 53)
(54, 12)
(1, 26)
(37, 7)
(61, 2)
(11, 12)
(61, 60)
(76, 12)
(5, 3)
(5, 84)
(42, 12)
(5, 64)
(97, 4)
(17, 10)
(7, 66)
(1, 38)
(16, 12)
(6, 86)
(16, 20)
(6, 11)
(1, 64)
(46, 58)
(37, 5)
(68, 6)
(2, 47)
(8, 84)
(1, 92)
(12, 6)
(76, 5)
(18, 8)
(82, 9)
(8, 83)
(4, 60)
(25, 13)
(13, 77)
(60, 1)
(4, 76)
(71, 21)
(4, 26)
(7, 37)
(86, 9)
(7, 32)
(43, 13)
(25, 7)
(86, 13)
(68, 12)
(83, 5)
(12, 17)
(7, 65)
(3, 96)
(5, 45)
(24, 91)
(91, 94)
(59, 8)
(7, 27)
(89, 8)
(6, 84)
(71, 1)
(3, 73)
(7, 80)
(36, 76)
(65, 18)
(4, 24)
(64, 4)
(10, 14)
(4, 68)
(13, 97)
(7, 2)
(86, 6)
(34, 10)
(7, 60)
(92, 27)
(91, 1)
(13, 15)
(59, 10)
(77, 43)
(75, 8)
(9, 16)
(83, 2)
(8, 68)
(1, 83)
(7, 13)
(9, 56)
(46, 3)
(92, 5)
(13, 30)
(63, 89)
(12, 14)
(5, 100)
(67, 5)
(60, 61)
(31, 15)
(75, 7)
(13, 79)
(8, 21)
(21, 9)
(9, 65)
(66, 45)
(75, 82)
(4, 73)
(100, 3)
(58, 5)
(6, 18)
(87, 7)
(8, 56)
(69, 11)
(52, 20)
(3, 66)
(33, 3)
(63, 3)
(70, 2)
(2, 50)
(5, 56)
(25, 6)
(38, 4)
(5, 22)
(47, 12)
(13, 48)
(9, 15)
(8, 25)
(4, 40)
(7, 62)
(32, 8)
(66, 10)
(71, 9)
(17, 35)
(87, 39)
(61, 11)
(48, 2)
(12, 13)
(60, 6)
(57, 7)
(74, 2)
(57, 12)
(88, 12)
(7, 100)
(33, 10)
(12, 62)
(27, 11)
(79, 4)
(10, 49)
(74, 6)
(43, 9)
(33, 7)
(63, 54)
(5, 75)
(82, 7)
(38, 78)
(37, 60)
(14, 7)
(9, 22)
(7, 6)
(1, 73)
(8, 90)
(70, 8)
(7, 26)
(3, 20)
(8, 10)
(71, 17)
(39, 8)
(97, 13)
(3, 18)
(82, 75)
(16, 2)
(45, 7)
(10, 86)
(69, 12)
(5, 62)
(9, 26)
(95, 9)
(42, 8)
(10, 46)
(10, 59)
(8, 15)
(84, 11)
(13, 88)
(29, 86)
(78, 3)
(2, 20)
(3, 75)
(91, 56)
(11, 28)
(11, 70)
(85, 13)
(84, 10)
(51, 13)
(88, 8)
(12, 83)
(4, 69)
(9, 49)
(5, 82)
(11, 17)
(11, 62)
(6, 83)
(12, 43)
(39, 9)
(37, 2)
(12, 24)
(55, 4)
(30, 13)
(74, 9)
(23, 13)
(22, 8)
(8, 78)
(63, 2)
(9, 21)
(13, 27)
(10, 71)
(73, 12)
(57, 85)
(26, 11)
(58, 33)
(95, 1)
(74, 5)
(59, 13)
(5, 58)
(82, 1)
(12, 35)
(4, 1)
(9, 81)
(26, 5)
(60, 12)
(5, 50)
(53, 13)
(1, 11)
(5, 90)
(41, 4)
(49, 5)
(9, 20)
(73, 7)
(88, 36)
(37, 9)
(13, 93)
(3, 85)
(56, 8)
(100, 83)
(13, 18)
(79, 11)
(85, 57)
(82, 8)
(51, 7)
(56, 5)
(9, 83)
(19, 13)
(83, 3)
(38, 2)
(72, 5)
(70, 1)
(1, 45)
(16, 7)
(81, 13)
(2, 45)
(34, 11)
(32, 9)
(99, 4)
(20, 9)
(10, 27)
(98, 2)
(9, 80)
(4, 72)
(17, 5)
(13, 65)
(74, 10)
(27, 1)
(9, 86)
(92, 1)
(9, 46)
(5, 67)
(33, 12)
(100, 4)
(98, 1)
(56, 6)
(1, 30)
(27, 3)
(11, 8)
(2, 38)
(3, 61)
(5, 9)
(9, 75)
(42, 3)
(55, 1)
(50, 2)
(91, 8)
(12, 3)
(9, 53)
(4, 97)
(4, 31)
(12, 73)
(5, 70)
(2, 10)
(14, 12)
(6, 8)
(63, 12)
(10, 25)
(5, 7)
(20, 11)
(30, 6)
(37, 4)
(45, 66)
(9, 10)
(13, 35)
(11, 16)
(32, 2)
(7, 9)
(15, 10)
(14, 15)
(6, 81)
(5, 88)
(81, 10)
(21, 13)
(32, 4)
(10, 84)
(12, 66)
(94, 10)
(23, 6)
(6, 56)
(7, 89)
(5, 81)
(48, 1)
(70, 4)
(87, 1)
(32, 10)
(34, 4)
(10, 54)
(65, 10)
(5, 18)
(10, 48)
(3, 14)
(9, 100)
(6, 77)
(12, 78)
(2, 79)
(5, 35)
(60, 4)
(96, 5)
(6, 69)
(20, 5)
(96, 7)
(7, 48)
(2, 85)
(4, 82)
(10, 13)
(7, 84)
(13, 12)
(3, 63)
(7, 36)
(32, 7)
(2, 80)
(2, 37)
(30, 1)
(70, 11)
(6, 95)
(84, 7)
(30, 4)
(6, 36)
(49, 8)
(9, 43)
(38, 1)
(3, 97)
(46, 12)
(71, 12)
(8, 65)
(65, 3)
(25, 4)
(9, 66)
(3, 26)
(13, 44)
(92, 4)
(1, 90)
(78, 1)
(40, 7)
(2, 78)
(35, 5)
(9, 92)
(1, 35)
(13, 5)
(4, 33)
(14, 10)
(55, 12)
(49, 2)
(1, 52)
(4, 9)
(40, 10)
(18, 7)
(40, 8)
(97, 1)
(78, 13)
(10, 30)
(93, 13)
(94, 9)
(8, 36)
(98, 11)
(24, 2)
(71, 4)
(61, 9)
(74, 4)
(1, 41)
(11, 41)
(39, 13)
(7, 42)
(12, 34)
(23, 1)
(1, 46)
(8, 79)
(34, 7)
(7, 92)
(39, 7)
(13, 94)
(3, 55)
(15, 14)
(22, 9)
(28, 11)
(12, 23)
(8, 45)
(7, 85)
(66, 55)
(58, 46)
(13, 76)
(10, 75)
(1, 91)
(52, 9)
(7, 23)
(43, 77)
(9, 36)
(33, 58)
(5, 48)
(2, 13)
(21, 6)
(29, 3)
(91, 13)
(8, 93)
(78, 4)
(12, 36)
(9, 3)
(47, 10)
(34, 13)
(6, 73)
(27, 6)
(4, 88)
(17, 12)
(6, 93)
(8, 35)
(40, 5)
(6, 94)
(2, 100)
(10, 40)
(13, 43)
(25, 91)
(6, 33)
(49, 9)
(26, 10)
(58, 4)
(10, 65)
(5, 23)
(74, 8)
(13, 57)
(44, 64)
(91, 6)
(20, 13)
(13, 4)
(60, 37)
(10, 92)
(83, 7)
(2, 48)
(8, 44)
(100, 9)
(57, 13)
(57, 11)
(5, 33)
(1, 70)
(11, 52)
(44, 7)
(3, 41)
(8, 81)
(4, 7)
(17, 2)
(1, 71)
(13, 69)
(19, 9)
(28, 53)
(80, 1)
(13, 2)
(58, 13)
(24, 7)
(97, 9)
(26, 7)
(5, 29)
(9, 8)
(89, 7)
(33, 6)
(87, 12)
(61, 8)
(7, 57)
(67, 2)
(3, 91)
(62, 25)
(6, 25)
(7, 77)
(36, 5)
(62, 3)
(2, 59)
(68, 5)
(13, 63)
(8, 28)
(86, 12)
(96, 3)
(8, 74)
(20, 8)
(43, 55)
(36, 8)
(4, 58)
(6, 22)
(11, 59)
(50, 8)
(18, 5)
(1, 93)
(23, 8)
(64, 3)
(12, 29)
(10, 70)
(4, 49)
(96, 76)
(2, 24)
(4, 15)
(2, 82)
(21, 1)
(68, 11)
(4, 30)
(83, 6)
(5, 63)
(66, 9)
(64, 5)
(14, 17)
(68, 1)
(3, 33)
(9, 70)
(2, 97)
(8, 67)
(84, 12)
(69, 8)
(37, 13)
(92, 11)
(39, 4)
(9, 69)
(25, 3)
(60, 3)
(9, 99)
(9, 88)
(33, 5)
(86, 2)
(11, 51)
(31, 11)
(10, 69)
(4, 57)
(50, 3)
(15, 8)
(68, 10)
(8, 14)
(98, 86)
(73, 4)
(12, 90)
(98, 7)
(28, 12)
(10, 57)
(62, 10)
(6, 51)
(47, 7)
(4, 100)
(5, 12)
(57, 9)
(5, 41)
(41, 77)
(71, 5)
(85, 3)
(13, 10)
(3, 48)
(95, 59)
(9, 78)
(32, 88)
(80, 9)
(4, 47)
(11, 20)
(5, 15)
(6, 46)
(56, 1)
(64, 9)
(13, 41)
(81, 6)
(5, 57)
(4, 37)
(98, 5)
(92, 7)
(87, 2)
(81, 3)
(7, 63)
(7, 33)
(20, 52)
(11, 18)
(44, 4)
(67, 8)
(72, 13)
(49, 3)
(7, 5)
(5, 55)
(13, 70)
(9, 94)
(90, 5)
(52, 8)
(1, 24)
(51, 12)
(1, 56)
(2, 63)
(53, 28)
(9, 39)
(5, 83)
(4, 50)
(6, 70)
(7, 10)
(100, 28)
(90, 12)
(8, 12)
(78, 17)
(8, 80)
(8, 60)
(25, 62)
(23, 9)
(3, 51)
(1, 2)
(59, 4)
(68, 3)
(7, 3)
(63, 11)
(30, 99)
(76, 1)
(12, 32)
(35, 7)
(12, 57)
(84, 6)
(23, 4)
(57, 2)
(11, 39)
(9, 71)
(29, 4)
(46, 8)
(12, 47)
(24, 6)
(70, 12)
(2, 56)
(11, 44)
(7, 47)
(37, 72)
(8, 96)
(74, 12)
(9, 11)
(3, 62)
(76, 8)
(62, 12)
(5, 37)
(4, 79)
(67, 9)
(3, 81)
(10, 91)
(7, 61)
(10, 72)
(7, 96)
(9, 27)
(4, 80)
(6, 53)
(5, 36)
(6, 19)
(55, 3)
(13, 17)
(1, 18)
(3, 25)
(2, 42)
(9, 90)
(3, 9)
(8, 91)
(10, 12)
(11, 84)
(53, 12)
(81, 91)
(6, 10)
(44, 1)
(70, 10)
(66, 6)
(30, 11)
(11, 73)
(1, 4)
(3, 57)
(8, 33)
(5, 27)
(9, 51)
(3, 90)
(10, 20)
(6, 39)
(7, 98)
(2, 22)
(28, 6)
(1, 9)
(11, 6)
(94, 5)
(4, 36)
(90, 6)
(10, 74)
(28, 1)
(4, 17)
(12, 74)
(3, 11)
(94, 11)
(18, 6)
(79, 12)
(29, 9)
(71, 10)
(29, 12)
(11, 47)
(7, 50)
(1, 98)
(17, 71)
(11, 7)
(50, 5)
(10, 34)
(72, 10)
(4, 81)
(11, 57)
(35, 6)
(2, 54)
(15, 11)
(6, 67)
(91, 25)
(2, 40)
(78, 9)
(8, 43)
(9, 82)
(9, 98)
(24, 9)
(26, 13)
(41, 3)
(36, 6)
(9, 61)
(5, 49)
(5, 74)
(6, 3)
(6, 7)
(47, 1)
(35, 8)
(1, 89)
(4, 85)
(1, 79)
(2, 86)
(51, 48)
(10, 47)
(11, 45)
(100, 11)
(2, 69)
(15, 31)
(7, 31)
(10, 83)
(10, 2)
(8, 41)
(6, 62)
(65, 38)
(3, 53)
(74, 27)
(1, 84)
(4, 6)
(11, 81)
(44, 10)
(10, 44)
(12, 79)
(8, 98)
(30, 10)
(12, 75)
(90, 7)
(46, 1)
(13, 92)
(4, 66)
(9, 18)
(48, 4)
(4, 8)
(59, 5)
(5, 97)
(93, 8)
(6, 44)
(18, 1)
(13, 42)
(7, 95)
(31, 4)
(91, 81)
(11, 55)
(38, 13)
(10, 9)
(53, 7)
(8, 82)
(11, 68)
(90, 8)
(3, 47)
(42, 2)
(12, 10)
(12, 53)
(5, 24)
(57, 10)
(65, 7)
(12, 42)
(38, 8)
(98, 12)
(39, 10)
(19, 12)
(11, 90)
(12, 71)
(22, 12)
(62, 5)
(6, 61)
(95, 77)
(8, 77)
(9, 28)
(25, 11)
(10, 42)
(14, 11)
(47, 11)
(88, 9)
(19, 3)
(9, 33)
(28, 4)
(53, 4)
(11, 92)
(89, 5)
(91, 10)
(6, 15)
(9, 34)
(83, 1)
(99, 13)
(4, 13)
(47, 3)
(94, 4)
(87, 3);

set L := 40
34
43
32
25
39
11
9
31
33
44
45
6
1
46
18
8
49
15
28
24
42
27
41
14
4
16
20
37
26
10
21
19
22
23
12
47
7
3
50
2
5
13
17
29
38
48
30
35
36;

set EL[1] :=
(95, 59)
(59, 95)
(8, 15)
(15, 8)
(34, 52)
(52, 34)
(49, 87)
(87, 49)
(79, 85)
(85, 79)
(60, 37)
(37, 60)
(2, 41)
(41, 2)
(2, 42)
(42, 2)
(2, 43)
(43, 2)
(3, 86)
(86, 3)
(4, 21)
(21, 4)
(4, 65)
(65, 4)
(4, 100)
(100, 4)
(5, 96)
(96, 5)
(6, 72)
(72, 6)
(9, 32)
(32, 9)
(9, 96)
(96, 9)
(10, 57)
(57, 10)
(11, 44)
(44, 11)
(11, 52)
(52, 11)
(13, 17)
(17, 13)
(13, 53)
(53, 13);

set EL[2] :=
(96, 76)
(76, 96)
(24, 91)
(91, 24)
(48, 51)
(51, 48)
(73, 87)
(87, 73)
(2, 94)
(94, 2)
(2, 99)
(99, 2)
(3, 63)
(63, 3)
(3, 65)
(65, 3)
(3, 78)
(78, 3)
(3, 82)
(82, 3)
(4, 23)
(23, 4)
(4, 36)
(36, 4)
(5, 78)
(78, 5)
(6, 55)
(55, 6)
(7, 22)
(22, 7)
(7, 60)
(60, 7)
(7, 77)
(77, 7)
(8, 22)
(22, 8)
(8, 61)
(61, 8)
(9, 16)
(16, 9)
(10, 68)
(68, 10)
(11, 37)
(37, 11)
(12, 90)
(90, 12);

set EL[3] :=
(92, 27)
(27, 92)
(2, 63)
(63, 2)
(2, 87)
(87, 2)
(3, 58)
(58, 3)
(3, 68)
(68, 3)
(3, 79)
(79, 3)
(4, 49)
(49, 4)
(5, 40)
(40, 5)
(6, 86)
(86, 6)
(7, 36)
(36, 7)
(7, 63)
(63, 7)
(9, 45)
(45, 9)
(10, 75)
(75, 10);

set EL[4] :=
(53, 30)
(30, 53)
(1, 92)
(92, 1)
(3, 59)
(59, 3)
(3, 60)
(60, 3)
(3, 100)
(100, 3)
(7, 79)
(79, 7)
(8, 38)
(38, 8)
(9, 20)
(20, 9)
(11, 78)
(78, 11)
(11, 90)
(90, 11)
(12, 54)
(54, 12)
(12, 100)
(100, 12)
(13, 60)
(60, 13)
(13, 77)
(77, 13);

set EL[5] :=
(2, 11)
(11, 2)
(48, 92)
(92, 48)
(1, 27)
(27, 1)
(2, 18)
(18, 2)
(2, 27)
(27, 2)
(2, 73)
(73, 2)
(2, 82)
(82, 2)
(3, 14)
(14, 3)
(3, 17)
(17, 3)
(3, 19)
(19, 3)
(5, 30)
(30, 5)
(5, 75)
(75, 5)
(6, 36)
(36, 6)
(7, 10)
(10, 7)
(8, 45)
(45, 8)
(8, 56)
(56, 8)
(8, 82)
(82, 8)
(8, 83)
(83, 8)
(9, 83)
(83, 9)
(10, 19)
(19, 10)
(10, 30)
(30, 10)
(10, 56)
(56, 10)
(11, 91)
(91, 11)
(12, 67)
(67, 12)
(13, 38)
(38, 13)
(13, 99)
(99, 13);

set EL[6] :=
(9, 88)
(88, 9)
(45, 66)
(66, 45)
(95, 77)
(77, 95)
(1, 9)
(9, 1)
(1, 81)
(81, 1)
(2, 96)
(96, 2)
(3, 69)
(69, 3)
(4, 10)
(10, 4)
(4, 73)
(73, 4)
(5, 82)
(82, 5)
(6, 29)
(29, 6)
(7, 70)
(70, 7)
(7, 86)
(86, 7)
(8, 9)
(9, 8)
(9, 43)
(43, 9)
(9, 65)
(65, 9)
(10, 17)
(17, 10)
(10, 39)
(39, 10)
(11, 12)
(12, 11)
(11, 25)
(25, 11)
(11, 72)
(72, 11)
(12, 19)
(19, 12)
(12, 32)
(32, 12)
(12, 66)
(66, 12)
(13, 58)
(58, 13);

set EL[7] :=
(64, 44)
(44, 64)
(100, 83)
(83, 100)
(91, 94)
(94, 91)
(18, 57)
(57, 18)
(16, 20)
(20, 16)
(1, 2)
(2, 1)
(1, 38)
(38, 1)
(1, 98)
(98, 1)
(3, 51)
(51, 3)
(4, 55)
(55, 4)
(6, 66)
(66, 6)
(6, 73)
(73, 6)
(6, 84)
(84, 6)
(7, 8)
(8, 7)
(7, 16)
(16, 7)
(7, 18)
(18, 7)
(7, 43)
(43, 7)
(10, 87)
(87, 10)
(13, 52)
(52, 13);

set EL[8] :=
(4, 54)
(54, 4)
(1, 55)
(55, 1)
(1, 95)
(95, 1)
(2, 34)
(34, 2)
(3, 36)
(36, 3)
(4, 19)
(19, 4)
(6, 25)
(25, 6)
(7, 47)
(47, 7)
(7, 49)
(49, 7)
(7, 73)
(73, 7)
(8, 14)
(14, 8)
(8, 18)
(18, 8)
(9, 92)
(92, 9)
(10, 65)
(65, 10)
(12, 44)
(44, 12)
(12, 71)
(71, 12)
(12, 77)
(77, 12)
(12, 86)
(86, 12);

set EL[9] :=
(74, 27)
(27, 74)
(1, 24)
(24, 1)
(2, 38)
(38, 2)
(3, 20)
(20, 3)
(4, 63)
(63, 4)
(4, 94)
(94, 4)
(5, 15)
(15, 5)
(5, 46)
(46, 5)
(5, 59)
(59, 5)
(5, 62)
(62, 5)
(6, 34)
(34, 6)
(6, 87)
(87, 6)
(7, 11)
(11, 7)
(7, 83)
(83, 7)
(8, 75)
(75, 8)
(9, 47)
(47, 9)
(9, 66)
(66, 9)
(10, 63)
(63, 10)
(11, 64)
(64, 11)
(12, 65)
(65, 12)
(13, 59)
(59, 13)
(13, 80)
(80, 13)
(13, 96)
(96, 13);

set EL[10] :=
(32, 93)
(93, 32)
(1, 31)
(31, 1)
(2, 33)
(33, 2)
(3, 7)
(7, 3)
(4, 34)
(34, 4)
(5, 9)
(9, 5)
(5, 10)
(10, 5)
(5, 53)
(53, 5)
(5, 84)
(84, 5)
(6, 44)
(44, 6)
(6, 56)
(56, 6)
(6, 60)
(60, 6)
(6, 88)
(88, 6)
(8, 32)
(32, 8)
(8, 59)
(59, 8)
(8, 65)
(65, 8)
(8, 81)
(81, 8)
(9, 21)
(21, 9)
(9, 49)
(49, 9)
(9, 70)
(70, 9)
(10, 40)
(40, 10)
(10, 61)
(61, 10)
(11, 20)
(20, 11)
(11, 27)
(27, 11)
(11, 55)
(55, 11)
(12, 18)
(18, 12)
(12, 40)
(40, 12)
(12, 57)
(57, 12)
(12, 87)
(87, 12)
(13, 15)
(15, 13);

set EL[11] :=
(6, 74)
(74, 6)
(6, 69)
(69, 6)
(1, 21)
(21, 1)
(1, 25)
(25, 1)
(1, 41)
(41, 1)
(2, 17)
(17, 2)
(3, 34)
(34, 3)
(3, 83)
(83, 3)
(4, 35)
(35, 4)
(4, 95)
(95, 4)
(5, 69)
(69, 5)
(6, 37)
(37, 6)
(7, 90)
(90, 7)
(7, 100)
(100, 7)
(8, 87)
(87, 8)
(9, 90)
(90, 9)
(10, 69)
(69, 10)
(12, 68)
(68, 12)
(13, 30)
(30, 13);

set EL[12] :=
(63, 54)
(54, 63)
(81, 13)
(13, 81)
(23, 63)
(63, 23)
(81, 91)
(91, 81)
(2, 14)
(14, 2)
(3, 55)
(55, 3)
(3, 66)
(66, 3)
(4, 17)
(17, 4)
(4, 33)
(33, 4)
(4, 86)
(86, 4)
(5, 27)
(27, 5)
(5, 64)
(64, 5)
(6, 19)
(19, 6)
(6, 23)
(23, 6)
(7, 12)
(12, 7)
(7, 24)
(24, 7)
(7, 31)
(31, 7)
(7, 35)
(35, 7)
(7, 61)
(61, 7)
(8, 25)
(25, 8)
(8, 91)
(91, 8)
(9, 81)
(81, 9)
(10, 42)
(42, 10)
(10, 66)
(66, 10)
(12, 63)
(63, 12)
(12, 96)
(96, 12)
(13, 26)
(26, 13)
(13, 33)
(33, 13);

set EL[13] :=
(17, 47)
(47, 17)
(4, 75)
(75, 4)
(46, 60)
(60, 46)
(88, 36)
(36, 88)
(1, 76)
(76, 1)
(1, 84)
(84, 1)
(2, 67)
(67, 2)
(3, 15)
(15, 3)
(3, 25)
(25, 3)
(6, 75)
(75, 6)
(8, 93)
(93, 8)
(9, 18)
(18, 9)
(9, 52)
(52, 9);

set EL[14] :=
(43, 55)
(55, 43)
(46, 58)
(58, 46)
(1, 60)
(60, 1)
(1, 70)
(70, 1)
(2, 74)
(74, 2)
(3, 32)
(32, 3)
(3, 33)
(33, 3)
(3, 57)
(57, 3)
(4, 59)
(59, 4)
(4, 70)
(70, 4)
(4, 78)
(78, 4)
(6, 30)
(30, 6)
(6, 51)
(51, 6)
(7, 34)
(34, 7)
(8, 98)
(98, 8)
(9, 36)
(36, 9)
(9, 74)
(74, 9)
(9, 79)
(79, 9)
(9, 86)
(86, 9)
(11, 76)
(76, 11)
(12, 13)
(13, 12)
(12, 27)
(27, 12)
(14, 16)
(16, 14);

set EL[15] :=
(80, 67)
(67, 80)
(1, 35)
(35, 1)
(1, 67)
(67, 1)
(3, 46)
(46, 3)
(3, 64)
(64, 3)
(3, 91)
(91, 3)
(4, 50)
(50, 4)
(4, 62)
(62, 4)
(5, 79)
(79, 5)
(5, 83)
(83, 5)
(5, 89)
(89, 5)
(5, 95)
(95, 5)
(6, 18)
(18, 6)
(6, 38)
(38, 6)
(7, 91)
(91, 7)
(9, 100)
(100, 9)
(10, 23)
(23, 10)
(12, 84)
(84, 12);

set EL[16] :=
(1, 90)
(90, 1)
(2, 10)
(10, 2)
(2, 48)
(48, 2)
(3, 75)
(75, 3)
(4, 24)
(24, 4)
(5, 43)
(43, 5)
(6, 68)
(68, 6)
(8, 19)
(19, 8)
(9, 57)
(57, 9)
(10, 45)
(45, 10)
(10, 53)
(53, 10)
(11, 81)
(81, 11)
(12, 56)
(56, 12)
(13, 21)
(21, 13)
(13, 44)
(44, 13)
(13, 86)
(86, 13);

set EL[17] :=
(3, 89)
(89, 3)
(1, 26)
(26, 1)
(1, 45)
(45, 1)
(1, 66)
(66, 1)
(2, 22)
(22, 2)
(2, 45)
(45, 2)
(3, 18)
(18, 3)
(3, 47)
(47, 3)
(4, 76)
(76, 4)
(7, 14)
(14, 7)
(7, 37)
(37, 7)
(8, 46)
(46, 8)
(8, 58)
(58, 8)
(8, 79)
(79, 8)
(9, 17)
(17, 9)
(9, 69)
(69, 9)
(10, 91)
(91, 10)
(10, 93)
(93, 10)
(11, 31)
(31, 11)
(11, 85)
(85, 11)
(12, 47)
(47, 12)
(12, 59)
(59, 12)
(13, 27)
(27, 13)
(13, 41)
(41, 13);

set EL[18] :=
(38, 78)
(78, 38)
(41, 22)
(22, 41)
(1, 10)
(10, 1)
(1, 83)
(83, 1)
(2, 57)
(57, 2)
(3, 35)
(35, 3)
(3, 41)
(41, 3)
(4, 27)
(27, 4)
(7, 44)
(44, 7)
(7, 67)
(67, 7)
(8, 73)
(73, 8)
(9, 33)
(33, 9)
(9, 98)
(98, 9)
(10, 12)
(12, 10)
(11, 15)
(15, 11)
(11, 79)
(79, 11)
(12, 17)
(17, 12)
(12, 53)
(53, 12)
(13, 54)
(54, 13);

set EL[19] :=
(3, 42)
(42, 3)
(3, 49)
(49, 3)
(3, 80)
(80, 3)
(4, 44)
(44, 4)
(4, 46)
(46, 4)
(5, 36)
(36, 5)
(5, 50)
(50, 5)
(6, 22)
(22, 6)
(6, 50)
(50, 6)
(8, 68)
(68, 8)
(9, 89)
(89, 9)
(11, 18)
(18, 11)
(11, 65)
(65, 11)
(11, 94)
(94, 11);

set EL[20] :=
(43, 77)
(77, 43)
(56, 20)
(20, 56)
(1, 37)
(37, 1)
(1, 78)
(78, 1)
(2, 37)
(37, 2)
(3, 6)
(6, 3)
(3, 73)
(73, 3)
(4, 20)
(20, 4)
(4, 25)
(25, 4)
(4, 58)
(58, 4)
(4, 84)
(84, 4)
(5, 13)
(13, 5)
(6, 27)
(27, 6)
(6, 67)
(67, 6)
(7, 28)
(28, 7)
(8, 13)
(13, 8)
(8, 40)
(40, 8)
(8, 69)
(69, 8)
(8, 80)
(80, 8)
(9, 39)
(39, 9)
(9, 97)
(97, 9)
(11, 29)
(29, 11)
(11, 50)
(50, 11)
(12, 62)
(62, 12)
(12, 93)
(93, 12)
(13, 22)
(22, 13);

set EL[21] :=
(82, 70)
(70, 82)
(40, 48)
(48, 40)
(45, 44)
(44, 45)
(1, 47)
(47, 1)
(3, 70)
(70, 3)
(4, 80)
(80, 4)
(6, 91)
(91, 6)
(6, 95)
(95, 6)
(8, 27)
(27, 8)
(10, 34)
(34, 10)
(11, 53)
(53, 11)
(12, 60)
(60, 12)
(13, 62)
(62, 13)
(13, 70)
(70, 13);

set EL[22] :=
(9, 53)
(53, 9)
(1, 8)
(8, 1)
(1, 18)
(18, 1)
(2, 39)
(39, 2)
(2, 64)
(64, 2)
(2, 71)
(71, 2)
(2, 86)
(86, 2)
(3, 12)
(12, 3)
(3, 50)
(50, 3)
(5, 34)
(34, 5)
(6, 21)
(21, 6)
(8, 11)
(11, 8)
(8, 20)
(20, 8)
(8, 37)
(37, 8)
(10, 32)
(32, 10)
(10, 52)
(52, 10)
(10, 59)
(59, 10)
(10, 84)
(84, 10)
(11, 51)
(51, 11)
(11, 95)
(95, 11)
(12, 75)
(75, 12)
(13, 19)
(19, 13);

set EL[23] :=
(86, 98)
(98, 86)
(4, 39)
(39, 4)
(72, 37)
(37, 72)
(78, 2)
(2, 78)
(87, 39)
(39, 87)
(2, 16)
(16, 2)
(2, 23)
(23, 2)
(3, 44)
(44, 3)
(4, 14)
(14, 4)
(5, 81)
(81, 5)
(7, 98)
(98, 7)
(8, 35)
(35, 8)
(8, 86)
(86, 8)
(8, 89)
(89, 8)
(9, 19)
(19, 9)
(10, 46)
(46, 10)
(11, 33)
(33, 11)
(11, 41)
(41, 11)
(13, 72)
(72, 13);

set EL[24] :=
(28, 12)
(12, 28)
(6, 33)
(33, 6)
(1, 62)
(62, 1)
(68, 19)
(19, 68)
(96, 14)
(14, 96)
(42, 33)
(33, 42)
(1, 73)
(73, 1)
(1, 89)
(89, 1)
(2, 61)
(61, 2)
(3, 29)
(29, 3)
(4, 40)
(40, 4)
(4, 60)
(60, 4)
(4, 77)
(77, 4)
(4, 81)
(81, 4)
(5, 67)
(67, 5)
(6, 77)
(77, 6)
(9, 75)
(75, 9)
(9, 95)
(95, 9)
(10, 31)
(31, 10)
(10, 64)
(64, 10)
(11, 47)
(47, 11)
(11, 57)
(57, 11)
(11, 69)
(69, 11)
(12, 26)
(26, 12)
(12, 46)
(46, 12)
(12, 52)
(52, 12)
(12, 55)
(55, 12);

set EL[25] :=
(2, 8)
(8, 2)
(3, 93)
(93, 3)
(5, 63)
(63, 5)
(6, 78)
(78, 6)
(7, 57)
(57, 7)
(9, 64)
(64, 9)
(9, 71)
(71, 9)
(10, 81)
(81, 10)
(11, 61)
(61, 11)
(13, 25)
(25, 13)
(13, 87)
(87, 13)
(13, 92)
(92, 13);

set EL[26] :=
(91, 56)
(56, 91)
(1, 48)
(48, 1)
(1, 49)
(49, 1)
(1, 52)
(52, 1)
(4, 72)
(72, 4)
(5, 72)
(72, 5)
(5, 74)
(74, 5)
(5, 97)
(97, 5)
(6, 7)
(7, 6)
(7, 27)
(27, 7)
(7, 81)
(81, 7)
(8, 24)
(24, 8)
(11, 98)
(98, 11)
(13, 63)
(63, 13);

set EL[27] :=
(21, 71)
(71, 21)
(1, 4)
(4, 1)
(1, 69)
(69, 1)
(3, 87)
(87, 3)
(4, 9)
(9, 4)
(4, 48)
(48, 4)
(8, 92)
(92, 8)
(9, 23)
(23, 9)
(9, 99)
(99, 9)
(10, 54)
(54, 10)
(10, 79)
(79, 10)
(10, 86)
(86, 10)
(11, 58)
(58, 11)
(11, 73)
(73, 11)
(12, 24)
(24, 12)
(13, 93)
(93, 13);

set EL[28] :=
(75, 82)
(82, 75)
(1, 79)
(79, 1)
(1, 99)
(99, 1)
(2, 92)
(92, 2)
(2, 95)
(95, 2)
(3, 52)
(52, 3)
(3, 61)
(61, 3)
(4, 6)
(6, 4)
(4, 7)
(7, 4)
(4, 56)
(56, 4)
(5, 18)
(18, 5)
(6, 40)
(40, 6)
(6, 54)
(54, 6)
(7, 23)
(23, 7)
(8, 30)
(30, 8)
(8, 33)
(33, 8)
(8, 64)
(64, 8)
(8, 90)
(90, 8)
(11, 39)
(39, 11)
(11, 40)
(40, 11)
(12, 30)
(30, 12)
(12, 41)
(41, 12)
(12, 88)
(88, 12)
(13, 65)
(65, 13);

set EL[29] :=
(63, 89)
(89, 63)
(7, 89)
(89, 7)
(1, 64)
(64, 1)
(2, 7)
(7, 2)
(4, 12)
(12, 4)
(5, 12)
(12, 5)
(6, 8)
(8, 6)
(6, 59)
(59, 6)
(7, 51)
(51, 7)
(7, 66)
(66, 7)
(8, 78)
(78, 8)
(9, 27)
(27, 9)
(10, 44)
(44, 10)
(13, 34)
(34, 13)
(13, 42)
(42, 13)
(13, 48)
(48, 13);

set EL[30] :=
(1, 11)
(11, 1)
(1, 29)
(29, 1)
(1, 56)
(56, 1)
(2, 93)
(93, 2)
(3, 27)
(27, 3)
(4, 64)
(64, 4)
(4, 79)
(79, 4)
(4, 85)
(85, 4)
(5, 25)
(25, 5)
(5, 60)
(60, 5)
(6, 53)
(53, 6)
(6, 89)
(89, 6)
(11, 54)
(54, 11)
(11, 86)
(86, 11)
(11, 92)
(92, 11)
(12, 14)
(14, 12)
(12, 23)
(23, 12)
(12, 29)
(29, 12)
(12, 48)
(48, 12);

set EL[31] :=
(17, 35)
(35, 17)
(65, 18)
(18, 65)
(1, 30)
(30, 1)
(3, 23)
(23, 3)
(3, 90)
(90, 3)
(3, 98)
(98, 3)
(4, 97)
(97, 4)
(5, 41)
(41, 5)
(6, 35)
(35, 6)
(6, 61)
(61, 6)
(8, 70)
(70, 8)
(8, 88)
(88, 8)
(9, 87)
(87, 9)
(10, 15)
(15, 10)
(10, 27)
(27, 10)
(10, 74)
(74, 10)
(11, 13)
(13, 11)
(11, 30)
(30, 11)
(13, 40)
(40, 13);

set EL[32] :=
(84, 7)
(7, 84)
(56, 5)
(5, 56)
(36, 76)
(76, 36)
(61, 31)
(31, 61)
(1, 3)
(3, 1)
(2, 20)
(20, 2)
(2, 65)
(65, 2)
(2, 80)
(80, 2)
(4, 13)
(13, 4)
(4, 30)
(30, 4)
(4, 99)
(99, 4)
(5, 45)
(45, 5)
(5, 71)
(71, 5)
(5, 76)
(76, 5)
(7, 33)
(33, 7)
(7, 85)
(85, 7)
(9, 46)
(46, 9)
(9, 63)
(63, 9)
(9, 85)
(85, 9)
(10, 76)
(76, 10)
(13, 20)
(20, 13)
(13, 23)
(23, 13)
(13, 32)
(32, 13)
(13, 91)
(91, 13);

set EL[33] :=
(65, 38)
(38, 65)
(3, 96)
(96, 3)
(4, 47)
(47, 4)
(5, 20)
(20, 5)
(5, 44)
(44, 5)
(5, 58)
(58, 5)
(7, 68)
(68, 7)
(7, 74)
(74, 7)
(7, 82)
(82, 7)
(8, 31)
(31, 8)
(8, 43)
(43, 8)
(8, 76)
(76, 8)
(9, 82)
(82, 9)
(10, 35)
(35, 10)
(10, 62)
(62, 10)
(12, 22)
(22, 12)
(12, 98)
(98, 12)
(13, 31)
(31, 13)
(13, 43)
(43, 13);

set EL[34] :=
(17, 71)
(71, 17)
(1, 80)
(80, 1)
(2, 25)
(25, 2)
(2, 32)
(32, 2)
(2, 85)
(85, 2)
(3, 37)
(37, 3)
(3, 53)
(53, 3)
(3, 85)
(85, 3)
(3, 97)
(97, 3)
(4, 53)
(53, 4)
(4, 57)
(57, 4)
(5, 31)
(31, 5)
(6, 11)
(11, 6)
(6, 83)
(83, 6)
(7, 76)
(76, 7)
(7, 80)
(80, 7)
(9, 60)
(60, 9)
(9, 61)
(61, 9)
(10, 96)
(96, 10)
(11, 63)
(63, 11)
(13, 69)
(69, 13);

set EL[35] :=
(97, 1)
(1, 97)
(1, 17)
(17, 1)
(1, 91)
(91, 1)
(2, 24)
(24, 2)
(2, 47)
(47, 2)
(3, 5)
(5, 3)
(4, 31)
(31, 4)
(4, 32)
(32, 4)
(6, 62)
(62, 6)
(6, 96)
(96, 6)
(7, 65)
(65, 7)
(9, 26)
(26, 9)
(9, 28)
(28, 9)
(10, 20)
(20, 10)
(11, 62)
(62, 11)
(12, 61)
(61, 12);

set EL[36] :=
(68, 1)
(1, 68)
(62, 25)
(25, 62)
(1, 44)
(44, 1)
(1, 75)
(75, 1)
(3, 56)
(56, 3)
(3, 95)
(95, 3)
(4, 68)
(68, 4)
(5, 6)
(6, 5)
(5, 94)
(94, 5)
(6, 70)
(70, 6)
(6, 71)
(71, 6)
(8, 10)
(10, 8)
(9, 40)
(40, 9)
(10, 13)
(13, 10)
(10, 33)
(33, 10)
(11, 82)
(82, 11)
(12, 36)
(36, 12)
(12, 70)
(70, 12)
(13, 78)
(78, 13);

set EL[37] :=
(60, 61)
(61, 60)
(1, 54)
(54, 1)
(4, 45)
(45, 4)
(7, 15)
(15, 7)
(7, 25)
(25, 7)
(7, 42)
(42, 7)
(8, 21)
(21, 8)
(8, 34)
(34, 8)
(9, 22)
(22, 9)
(9, 31)
(31, 9)
(9, 34)
(34, 9)
(10, 70)
(70, 10)
(10, 71)
(71, 10)
(10, 83)
(83, 10)
(10, 92)
(92, 10)
(11, 59)
(59, 11)
(11, 93)
(93, 11)
(12, 64)
(64, 12)
(14, 17)
(17, 14);

set EL[38] :=
(2, 69)
(69, 2)
(4, 8)
(8, 4)
(4, 18)
(18, 4)
(5, 35)
(35, 5)
(5, 88)
(88, 5)
(5, 90)
(90, 5)
(6, 90)
(90, 6)
(7, 62)
(62, 7)
(7, 87)
(87, 7)
(8, 26)
(26, 8)
(8, 28)
(28, 8)
(8, 42)
(42, 8)
(8, 77)
(77, 8)
(9, 78)
(78, 9)
(11, 26)
(26, 11)
(11, 75)
(75, 11)
(12, 76)
(76, 12)
(12, 83)
(83, 12)
(13, 37)
(37, 13)
(13, 57)
(57, 13);

set EL[39] :=
(66, 55)
(55, 66)
(99, 10)
(10, 99)
(90, 34)
(34, 90)
(9, 67)
(67, 9)
(1, 93)
(93, 1)
(2, 56)
(56, 2)
(5, 49)
(49, 5)
(5, 68)
(68, 5)
(5, 80)
(80, 5)
(5, 91)
(91, 5)
(8, 29)
(29, 8)
(8, 60)
(60, 8)
(9, 10)
(10, 9)
(9, 44)
(44, 9)
(10, 49)
(49, 10)
(10, 72)
(72, 10)
(10, 78)
(78, 10)
(11, 48)
(48, 11)
(12, 16)
(16, 12)
(12, 35)
(35, 12)
(12, 38)
(38, 12)
(12, 69)
(69, 12);

set EL[40] :=
(53, 28)
(28, 53)
(16, 30)
(30, 16)
(1, 34)
(34, 1)
(1, 50)
(50, 1)
(2, 54)
(54, 2)
(3, 62)
(62, 3)
(3, 81)
(81, 3)
(4, 61)
(61, 4)
(4, 66)
(66, 4)
(4, 71)
(71, 4)
(5, 33)
(33, 5)
(5, 99)
(99, 5)
(6, 12)
(12, 6)
(6, 24)
(24, 6)
(6, 79)
(79, 6)
(8, 96)
(96, 8)
(11, 17)
(17, 11)
(11, 70)
(70, 11);

set EL[41] :=
(33, 58)
(58, 33)
(15, 31)
(31, 15)
(1, 16)
(16, 1)
(1, 28)
(28, 1)
(1, 87)
(87, 1)
(2, 3)
(3, 2)
(2, 13)
(13, 2)
(2, 40)
(40, 2)
(4, 90)
(90, 4)
(4, 92)
(92, 4)
(5, 57)
(57, 5)
(6, 15)
(15, 6)
(7, 40)
(40, 7)
(7, 48)
(48, 7)
(7, 97)
(97, 7)
(8, 23)
(23, 8)
(8, 55)
(55, 8)
(8, 71)
(71, 8)
(10, 16)
(16, 10)
(10, 28)
(28, 10)
(11, 16)
(16, 11)
(12, 99)
(99, 12)
(13, 88)
(88, 13);

set EL[42] :=
(50, 87)
(87, 50)
(25, 91)
(91, 25)
(1, 46)
(46, 1)
(2, 100)
(100, 2)
(3, 88)
(88, 3)
(6, 28)
(28, 6)
(6, 39)
(39, 6)
(7, 9)
(9, 7)
(7, 26)
(26, 7)
(7, 39)
(39, 7)
(8, 12)
(12, 8)
(9, 29)
(29, 9)
(11, 14)
(14, 11)
(11, 34)
(34, 11)
(11, 84)
(84, 11)
(11, 99)
(99, 11)
(11, 100)
(100, 11)
(12, 31)
(31, 12)
(12, 82)
(82, 12)
(13, 35)
(35, 13)
(13, 94)
(94, 13);

set EL[43] :=
(1, 71)
(71, 1)
(2, 70)
(70, 2)
(2, 83)
(83, 2)
(3, 48)
(48, 3)
(3, 67)
(67, 3)
(4, 26)
(26, 4)
(4, 41)
(41, 4)
(5, 26)
(26, 5)
(7, 78)
(78, 7)
(8, 41)
(41, 8)
(9, 24)
(24, 9)
(10, 98)
(98, 10)
(11, 36)
(36, 11)
(13, 64)
(64, 13)
(13, 67)
(67, 13)
(13, 100)
(100, 13);

set EL[44] :=
(20, 52)
(52, 20)
(86, 29)
(29, 86)
(99, 30)
(30, 99)
(88, 32)
(32, 88)
(69, 64)
(64, 69)
(1, 14)
(14, 1)
(2, 50)
(50, 2)
(2, 59)
(59, 2)
(2, 81)
(81, 2)
(4, 37)
(37, 4)
(4, 74)
(74, 4)
(5, 17)
(17, 5)
(5, 29)
(29, 5)
(5, 70)
(70, 5)
(7, 32)
(32, 7)
(7, 45)
(45, 7)
(7, 75)
(75, 7)
(8, 36)
(36, 8)
(8, 39)
(39, 8)
(9, 80)
(80, 9)
(10, 94)
(94, 10)
(11, 24)
(24, 11)
(12, 42)
(42, 12)
(13, 79)
(79, 13);

set EL[45] :=
(85, 57)
(57, 85)
(28, 100)
(100, 28)
(1, 23)
(23, 1)
(1, 39)
(39, 1)
(1, 77)
(77, 1)
(2, 97)
(97, 2)
(5, 22)
(22, 5)
(6, 48)
(48, 6)
(7, 50)
(50, 7)
(7, 95)
(95, 7)
(8, 50)
(50, 8)
(9, 11)
(11, 9)
(9, 55)
(55, 9)
(10, 48)
(48, 10)
(10, 77)
(77, 10)
(11, 45)
(45, 11)
(12, 51)
(51, 12)
(13, 51)
(51, 13);

set EL[46] :=
(63, 8)
(8, 63)
(78, 17)
(17, 78)
(31, 2)
(2, 31)
(12, 73)
(73, 12)
(2, 49)
(49, 2)
(3, 21)
(21, 3)
(4, 29)
(29, 4)
(5, 28)
(28, 5)
(5, 54)
(54, 5)
(5, 55)
(55, 5)
(6, 65)
(65, 6)
(8, 44)
(44, 8)
(8, 67)
(67, 8)
(8, 74)
(74, 8)
(10, 14)
(14, 10)
(10, 47)
(47, 10)
(11, 71)
(71, 11)
(13, 18)
(18, 13);

set EL[47] :=
(1, 59)
(59, 1)
(1, 82)
(82, 1)
(4, 82)
(82, 4)
(5, 24)
(24, 5)
(5, 37)
(37, 5)
(5, 52)
(52, 5)
(5, 86)
(86, 5)
(5, 98)
(98, 5)
(6, 10)
(10, 6)
(6, 46)
(46, 6)
(6, 93)
(93, 6)
(7, 13)
(13, 7)
(8, 49)
(49, 8)
(8, 52)
(52, 8)
(9, 56)
(56, 9)
(12, 43)
(43, 12)
(12, 78)
(78, 12)
(12, 79)
(79, 12)
(13, 39)
(39, 13)
(13, 95)
(95, 13);

set EL[48] :=
(2, 9)
(9, 2)
(2, 98)
(98, 2)
(4, 15)
(15, 4)
(4, 28)
(28, 4)
(4, 88)
(88, 4)
(5, 7)
(7, 5)
(6, 52)
(52, 6)
(6, 81)
(81, 6)
(7, 96)
(96, 7)
(8, 84)
(84, 8)
(9, 15)
(15, 9)
(10, 25)
(25, 10)
(13, 29)
(29, 13)
(13, 47)
(47, 13)
(13, 76)
(76, 13)
(13, 97)
(97, 13);

set EL[49] :=
(77, 41)
(41, 77)
(3, 9)
(9, 3)
(3, 11)
(11, 3)
(3, 39)
(39, 3)
(4, 69)
(69, 4)
(5, 19)
(19, 5)
(5, 23)
(23, 5)
(5, 92)
(92, 5)
(5, 93)
(93, 5)
(6, 42)
(42, 6)
(6, 92)
(92, 6)
(6, 94)
(94, 6)
(7, 53)
(53, 7)
(7, 72)
(72, 7)
(9, 37)
(37, 9)
(9, 51)
(51, 9)
(11, 28)
(28, 11)
(11, 89)
(89, 11)
(11, 96)
(96, 11)
(12, 20)
(20, 12)
(12, 34)
(34, 12)
(12, 37)
(37, 12)
(13, 28)
(28, 13)
(13, 55)
(55, 13)
(14, 15)
(15, 14);

set EL[50] :=
(29, 59)
(59, 29)
(10, 26)
(26, 10)
(2, 79)
(79, 2)
(3, 26)
(26, 3)
(4, 38)
(38, 4)
(5, 48)
(48, 5)
(5, 100)
(100, 5)
(6, 26)
(26, 6)
(6, 100)
(100, 6)
(7, 92)
(92, 7)
(9, 94)
(94, 9)
(11, 68)
(68, 11)
(12, 33)
(33, 12)
(12, 45)
(45, 12)
(12, 74)
(74, 12)
(13, 85)
(85, 13);

param sizeV := 100;

param sizeEL := 
1 44
2 46
3 26
4 28
5 52
6 50
7 38
8 36
9 46
10 60
11 38
12 56
13 26
14 46
15 36
16 32
17 48
18 38
19 28
20 52
21 28
22 44
23 38
24 54
25 24
26 28
27 32
28 48
29 32
30 38
31 38
32 48
33 38
34 42
35 32
36 38
37 38
38 40
39 44
40 36
41 46
42 42
43 32
44 48
45 36
46 36
47 40
48 32
49 50
50 32;

end;