set V := 65
11
45
15
41
57
68
10
23
50
2
13
17
29
38
30
81
92
39
94
89
44
78
97
82
93
18
54
28
71
27
66
52
75
67
59
62
21
19
22
51
69
88
3
55
42
40
96
73
32
25
60
9
87
1
61
8
49
91
24
74
95
79
37
99
58
83
47
7
85
5
90
64
84
48
35
34
43
31
33
6
46
76
72
98
14
4
16
20
26
100
53
70
86
12
80
77
36
63
56;

set E:= 
(92, 43)
(20, 42)
(29, 61)
(3, 52)
(46, 5)
(6, 48)
(22, 35)
(51, 18)
(49, 15)
(16, 26)
(33, 34)
(91, 19)
(29, 26)
(4, 90)
(24, 67)
(26, 87)
(17, 56)
(10, 5)
(25, 55)
(24, 36)
(94, 90)
(15, 59)
(32, 27)
(21, 36)
(13, 71)
(38, 28)
(32, 37)
(85, 28)
(28, 86)
(39, 32)
(98, 14)
(23, 58)
(2, 33)
(10, 66)
(21, 83)
(30, 82)
(10, 33)
(74, 11)
(31, 65)
(92, 6)
(49, 6)
(33, 2)
(21, 82)
(61, 32)
(22, 71)
(61, 12)
(97, 12)
(52, 3)
(52, 33)
(26, 72)
(16, 33)
(46, 23)
(50, 22)
(13, 75)
(65, 20)
(10, 96)
(7, 72)
(74, 88)
(96, 11)
(9, 73)
(12, 96)
(11, 85)
(7, 16)
(24, 1)
(29, 41)
(48, 30)
(27, 99)
(12, 55)
(76, 18)
(61, 29)
(53, 30)
(6, 42)
(39, 29)
(22, 93)
(29, 16)
(44, 3)
(55, 31)
(29, 39)
(25, 96)
(10, 62)
(81, 17)
(31, 20)
(25, 49)
(35, 32)
(85, 26)
(22, 87)
(45, 98)
(21, 72)
(23, 12)
(14, 62)
(30, 25)
(20, 96)
(93, 21)
(77, 15)
(3, 82)
(70, 22)
(1, 53)
(4, 95)
(13, 89)
(57, 48)
(15, 12)
(39, 18)
(5, 96)
(88, 21)
(32, 43)
(67, 1)
(93, 26)
(11, 29)
(23, 24)
(11, 77)
(85, 9)
(26, 1)
(86, 28)
(75, 30)
(53, 15)
(79, 2)
(52, 12)
(11, 96)
(8, 61)
(20, 41)
(61, 59)
(21, 18)
(12, 31)
(79, 5)
(4, 71)
(34, 26)
(4, 77)
(2, 72)
(22, 76)
(18, 54)
(64, 13)
(4, 46)
(16, 23)
(17, 33)
(99, 53)
(5, 78)
(38, 16)
(4, 99)
(1, 10)
(15, 40)
(14, 60)
(50, 7)
(6, 13)
(15, 84)
(24, 82)
(22, 84)
(42, 5)
(49, 4)
(7, 25)
(1, 40)
(26, 28)
(33, 56)
(9, 31)
(92, 3)
(25, 15)
(53, 1)
(80, 24)
(92, 35)
(87, 10)
(18, 3)
(11, 61)
(25, 94)
(56, 23)
(27, 59)
(5, 8)
(15, 64)
(64, 26)
(21, 77)
(1, 12)
(54, 23)
(26, 93)
(15, 26)
(7, 43)
(24, 42)
(43, 25)
(13, 78)
(13, 32)
(83, 11)
(31, 12)
(16, 47)
(8, 73)
(88, 5)
(28, 95)
(91, 50)
(82, 32)
(44, 9)
(77, 8)
(13, 68)
(4, 92)
(24, 80)
(93, 12)
(31, 81)
(2, 9)
(57, 8)
(22, 24)
(84, 19)
(70, 7)
(95, 3)
(65, 78)
(27, 52)
(40, 32)
(93, 17)
(18, 74)
(91, 21)
(41, 16)
(60, 7)
(27, 87)
(35, 17)
(56, 3)
(84, 21)
(20, 97)
(64, 10)
(44, 25)
(57, 6)
(5, 40)
(54, 22)
(32, 34)
(3, 44)
(24, 31)
(28, 55)
(40, 14)
(27, 74)
(14, 4)
(16, 79)
(8, 24)
(3, 2)
(16, 99)
(6, 35)
(51, 9)
(2, 4)
(32, 67)
(10, 64)
(13, 67)
(5, 46)
(34, 57)
(74, 21)
(84, 28)
(79, 3)
(21, 91)
(21, 84)
(96, 12)
(48, 33)
(19, 72)
(74, 22)
(84, 18)
(21, 64)
(85, 11)
(58, 21)
(26, 51)
(48, 7)
(58, 2)
(12, 56)
(15, 18)
(2, 90)
(40, 1)
(43, 7)
(49, 28)
(25, 53)
(8, 63)
(61, 23)
(76, 10)
(13, 52)
(93, 31)
(58, 23)
(14, 13)
(21, 7)
(72, 12)
(34, 5)
(8, 92)
(22, 31)
(10, 32)
(5, 25)
(15, 44)
(58, 3)
(74, 17)
(32, 79)
(70, 25)
(86, 10)
(6, 78)
(99, 27)
(42, 6)
(2, 71)
(63, 7)
(18, 82)
(51, 11)
(43, 2)
(67, 29)
(7, 34)
(100, 25)
(25, 8)
(4, 67)
(21, 56)
(5, 17)
(93, 16)
(73, 15)
(4, 74)
(4, 53)
(16, 36)
(22, 29)
(2, 70)
(81, 15)
(12, 8)
(80, 3)
(96, 10)
(19, 100)
(72, 9)
(2, 3)
(47, 20)
(30, 53)
(57, 75)
(57, 3)
(21, 43)
(88, 20)
(23, 92)
(11, 93)
(5, 92)
(66, 2)
(18, 11)
(13, 60)
(94, 25)
(58, 30)
(2, 43)
(25, 5)
(16, 1)
(29, 87)
(47, 46)
(55, 28)
(2, 60)
(5, 98)
(14, 34)
(31, 2)
(17, 68)
(13, 19)
(19, 40)
(78, 20)
(29, 65)
(61, 31)
(21, 47)
(14, 86)
(69, 31)
(26, 12)
(10, 76)
(26, 73)
(11, 69)
(29, 90)
(10, 38)
(11, 95)
(32, 61)
(75, 11)
(24, 12)
(64, 11)
(1, 16)
(100, 19)
(1, 96)
(10, 99)
(98, 15)
(27, 10)
(65, 1)
(45, 9)
(34, 24)
(40, 2)
(82, 22)
(7, 70)
(30, 84)
(21, 74)
(92, 24)
(23, 54)
(17, 52)
(63, 31)
(26, 36)
(18, 39)
(83, 18)
(19, 77)
(95, 31)
(45, 26)
(33, 8)
(40, 17)
(31, 98)
(63, 8)
(21, 96)
(99, 10)
(26, 49)
(5, 14)
(91, 15)
(29, 40)
(40, 37)
(12, 51)
(83, 8)
(17, 28)
(56, 10)
(10, 55)
(94, 29)
(6, 65)
(25, 70)
(64, 30)
(30, 47)
(52, 11)
(9, 64)
(76, 20)
(12, 88)
(74, 13)
(48, 13)
(65, 8)
(30, 29)
(3, 83)
(1, 25)
(20, 65)
(32, 90)
(11, 30)
(88, 30)
(5, 93)
(63, 24)
(15, 6)
(22, 32)
(45, 11)
(86, 15)
(20, 73)
(43, 17)
(58, 54)
(12, 37)
(76, 25)
(18, 76)
(88, 19)
(69, 20)
(26, 45)
(6, 87)
(33, 20)
(17, 80)
(6, 99)
(13, 36)
(15, 27)
(35, 33)
(80, 5)
(33, 54)
(15, 95)
(10, 45)
(21, 69)
(90, 24)
(10, 63)
(7, 67)
(17, 54)
(2, 27)
(10, 8)
(12, 40)
(15, 91)
(82, 2)
(30, 88)
(24, 23)
(80, 16)
(39, 6)
(3, 79)
(31, 90)
(53, 24)
(83, 9)
(17, 1)
(99, 17)
(21, 3)
(17, 13)
(60, 20)
(24, 81)
(18, 44)
(34, 8)
(67, 57)
(90, 4)
(37, 12)
(67, 18)
(50, 4)
(75, 18)
(21, 65)
(8, 54)
(25, 44)
(17, 86)
(21, 63)
(60, 30)
(33, 17)
(31, 73)
(31, 9)
(63, 9)
(78, 6)
(4, 2)
(17, 74)
(25, 78)
(82, 30)
(44, 11)
(75, 15)
(74, 1)
(58, 11)
(12, 93)
(32, 29)
(73, 8)
(40, 12)
(86, 20)
(57, 67)
(70, 9)
(90, 19)
(31, 63)
(13, 100)
(85, 7)
(72, 17)
(56, 2)
(24, 21)
(45, 10)
(99, 2)
(18, 86)
(69, 30)
(13, 37)
(5, 80)
(9, 63)
(2, 7)
(22, 30)
(87, 5)
(24, 34)
(81, 31)
(35, 11)
(71, 19)
(11, 66)
(8, 70)
(89, 23)
(11, 67)
(19, 14)
(7, 79)
(33, 28)
(78, 28)
(92, 8)
(22, 6)
(18, 97)
(12, 19)
(47, 21)
(15, 53)
(23, 38)
(16, 41)
(29, 94)
(6, 82)
(26, 67)
(92, 20)
(20, 16)
(78, 7)
(28, 32)
(21, 66)
(23, 51)
(31, 83)
(1, 97)
(10, 4)
(87, 6)
(43, 5)
(11, 37)
(24, 8)
(18, 63)
(54, 10)
(46, 19)
(27, 55)
(20, 86)
(2, 61)
(32, 57)
(20, 66)
(12, 16)
(80, 22)
(32, 44)
(8, 9)
(100, 26)
(4, 41)
(20, 69)
(69, 5)
(66, 4)
(25, 29)
(27, 34)
(87, 26)
(16, 81)
(37, 11)
(82, 24)
(36, 35)
(62, 11)
(24, 50)
(16, 38)
(91, 16)
(9, 74)
(58, 25)
(14, 72)
(3, 60)
(11, 25)
(25, 80)
(5, 94)
(17, 18)
(92, 23)
(96, 1)
(23, 41)
(16, 72)
(73, 29)
(57, 4)
(82, 23)
(8, 7)
(15, 67)
(75, 57)
(57, 25)
(28, 80)
(4, 34)
(27, 86)
(26, 86)
(3, 95)
(72, 7)
(15, 5)
(14, 80)
(8, 52)
(13, 95)
(32, 50)
(3, 58)
(25, 69)
(6, 66)
(5, 79)
(31, 19)
(23, 69)
(44, 18)
(18, 69)
(27, 20)
(53, 9)
(20, 60)
(21, 71)
(5, 42)
(1, 59)
(16, 80)
(54, 7)
(27, 7)
(16, 50)
(4, 14)
(20, 49)
(86, 18)
(62, 17)
(13, 64)
(20, 2)
(84, 22)
(2, 75)
(63, 10)
(11, 22)
(20, 88)
(8, 51)
(55, 18)
(14, 76)
(60, 17)
(20, 59)
(3, 21)
(52, 30)
(94, 30)
(30, 51)
(24, 35)
(37, 17)
(15, 49)
(11, 83)
(31, 75)
(20, 76)
(6, 29)
(90, 25)
(99, 9)
(14, 79)
(11, 27)
(55, 2)
(82, 5)
(12, 63)
(42, 26)
(23, 80)
(47, 18)
(31, 61)
(53, 6)
(79, 32)
(18, 17)
(20, 27)
(32, 54)
(66, 20)
(19, 74)
(30, 94)
(71, 15)
(54, 33)
(79, 7)
(1, 14)
(12, 33)
(32, 96)
(26, 29)
(29, 25)
(29, 67)
(56, 12)
(28, 34)
(32, 58)
(100, 20)
(20, 35)
(17, 89)
(17, 49)
(35, 28)
(69, 18)
(82, 3)
(11, 58)
(18, 67)
(15, 92)
(3, 56)
(7, 73)
(97, 26)
(95, 4)
(62, 33)
(37, 25)
(96, 15)
(70, 23)
(35, 23)
(22, 79)
(45, 1)
(26, 81)
(72, 19)
(4, 10)
(29, 5)
(40, 11)
(8, 32)
(97, 20)
(16, 37)
(70, 50)
(6, 49)
(60, 2)
(7, 78)
(7, 45)
(97, 32)
(96, 17)
(96, 20)
(95, 5)
(47, 2)
(95, 28)
(6, 92)
(27, 2)
(71, 2)
(1, 13)
(64, 12)
(23, 16)
(51, 8)
(99, 18)
(20, 40)
(28, 74)
(17, 99)
(67, 11)
(35, 24)
(29, 77)
(32, 60)
(54, 3)
(3, 94)
(60, 14)
(41, 17)
(77, 29)
(48, 26)
(8, 85)
(32, 36)
(16, 94)
(14, 63)
(6, 30)
(9, 68)
(12, 26)
(26, 69)
(93, 5)
(11, 89)
(24, 39)
(55, 5)
(77, 3)
(96, 32)
(52, 17)
(68, 17)
(15, 33)
(30, 3)
(33, 31)
(31, 14)
(8, 59)
(15, 54)
(77, 4)
(25, 90)
(33, 32)
(28, 26)
(30, 69)
(64, 1)
(48, 41)
(80, 28)
(52, 13)
(92, 28)
(31, 7)
(14, 3)
(82, 58)
(27, 60)
(100, 15)
(51, 88)
(15, 4)
(7, 12)
(5, 91)
(28, 81)
(56, 28)
(95, 27)
(38, 18)
(99, 24)
(85, 27)
(72, 21)
(5, 43)
(100, 13)
(17, 30)
(9, 2)
(14, 1)
(74, 19)
(20, 62)
(28, 67)
(41, 7)
(38, 17)
(13, 34)
(25, 21)
(24, 59)
(10, 26)
(38, 23)
(46, 31)
(24, 92)
(83, 42)
(8, 50)
(57, 32)
(20, 53)
(87, 22)
(12, 61)
(8, 23)
(10, 87)
(31, 84)
(23, 42)
(15, 75)
(17, 38)
(67, 28)
(42, 20)
(62, 7)
(29, 7)
(6, 4)
(54, 17)
(19, 31)
(19, 71)
(17, 81)
(12, 7)
(38, 6)
(72, 16)
(84, 30)
(17, 27)
(68, 9)
(93, 11)
(13, 74)
(46, 4)
(30, 60)
(60, 27)
(55, 63)
(32, 28)
(93, 14)
(32, 33)
(9, 19)
(34, 14)
(15, 77)
(28, 58)
(90, 32)
(3, 8)
(8, 38)
(14, 30)
(93, 15)
(89, 11)
(42, 83)
(73, 3)
(17, 65)
(31, 23)
(60, 21)
(69, 26)
(4, 3)
(2, 41)
(30, 33)
(74, 28)
(91, 3)
(93, 57)
(11, 64)
(3, 92)
(79, 22)
(99, 21)
(31, 33)
(60, 15)
(80, 15)
(94, 22)
(18, 47)
(7, 35)
(5, 95)
(89, 13)
(14, 45)
(32, 59)
(76, 29)
(14, 83)
(46, 18)
(78, 5)
(84, 26)
(29, 22)
(11, 32)
(88, 18)
(3, 80)
(18, 46)
(95, 13)
(24, 63)
(89, 17)
(16, 67)
(22, 74)
(50, 32)
(17, 29)
(1, 17)
(27, 15)
(5, 34)
(6, 28)
(1, 57)
(31, 95)
(77, 21)
(91, 5)
(11, 40)
(27, 48)
(17, 51)
(8, 34)
(97, 8)
(87, 27)
(29, 17)
(5, 10)
(9, 13)
(13, 90)
(24, 53)
(9, 85)
(27, 5)
(72, 14)
(23, 55)
(49, 20)
(89, 14)
(44, 6)
(3, 43)
(47, 15)
(7, 41)
(30, 79)
(12, 58)
(49, 26)
(72, 27)
(85, 1)
(33, 9)
(55, 7)
(15, 80)
(51, 29)
(17, 41)
(81, 8)
(14, 97)
(62, 29)
(16, 68)
(13, 25)
(96, 25)
(75, 3)
(9, 97)
(9, 44)
(15, 100)
(11, 75)
(13, 58)
(20, 32)
(5, 69)
(10, 56)
(8, 76)
(59, 33)
(89, 39)
(17, 93)
(31, 16)
(57, 1)
(18, 51)
(95, 15)
(80, 8)
(27, 85)
(77, 7)
(2, 99)
(13, 7)
(33, 62)
(29, 44)
(64, 7)
(51, 23)
(85, 29)
(41, 2)
(28, 2)
(32, 39)
(2, 31)
(10, 1)
(8, 47)
(29, 99)
(8, 69)
(50, 24)
(41, 20)
(7, 8)
(94, 16)
(36, 20)
(30, 22)
(41, 29)
(30, 48)
(70, 6)
(30, 28)
(44, 29)
(86, 16)
(58, 12)
(30, 39)
(74, 84)
(33, 30)
(13, 26)
(1, 67)
(33, 59)
(98, 32)
(17, 57)
(93, 22)
(59, 49)
(95, 11)
(28, 92)
(76, 14)
(20, 79)
(26, 100)
(67, 6)
(69, 25)
(3, 6)
(23, 53)
(17, 40)
(13, 81)
(98, 45)
(40, 20)
(67, 15)
(66, 21)
(12, 70)
(29, 6)
(57, 34)
(60, 13)
(83, 12)
(11, 14)
(29, 71)
(1, 78)
(7, 21)
(97, 14)
(12, 15)
(77, 19)
(18, 64)
(36, 21)
(18, 85)
(67, 17)
(5, 87)
(90, 31)
(5, 66)
(23, 70)
(38, 10)
(12, 52)
(65, 6)
(29, 46)
(25, 1)
(9, 45)
(23, 61)
(2, 91)
(50, 96)
(66, 14)
(13, 1)
(26, 42)
(26, 19)
(29, 62)
(25, 76)
(2, 83)
(31, 55)
(28, 63)
(21, 8)
(30, 26)
(18, 31)
(1, 74)
(11, 38)
(17, 55)
(23, 95)
(29, 34)
(90, 58)
(36, 17)
(23, 35)
(16, 31)
(63, 21)
(33, 46)
(28, 69)
(75, 5)
(96, 21)
(69, 13)
(72, 3)
(26, 47)
(5, 20)
(21, 99)
(15, 25)
(84, 1)
(22, 11)
(25, 36)
(28, 8)
(21, 58)
(32, 13)
(28, 84)
(59, 1)
(77, 11)
(46, 33)
(11, 31)
(67, 7)
(31, 24)
(75, 31)
(29, 60)
(73, 78)
(32, 98)
(40, 29)
(26, 56)
(59, 24)
(48, 6)
(45, 5)
(18, 88)
(17, 96)
(21, 25)
(61, 22)
(79, 14)
(15, 52)
(99, 30)
(57, 31)
(12, 60)
(52, 27)
(17, 50)
(54, 15)
(12, 64)
(23, 31)
(84, 5)
(74, 30)
(29, 11)
(50, 18)
(67, 13)
(50, 91)
(3, 64)
(15, 60)
(1, 21)
(6, 38)
(28, 9)
(93, 6)
(60, 18)
(3, 4)
(40, 18)
(36, 32)
(11, 35)
(43, 3)
(83, 31)
(8, 3)
(61, 3)
(1, 26)
(5, 21)
(37, 7)
(61, 2)
(32, 40)
(50, 19)
(30, 64)
(70, 20)
(5, 84)
(39, 31)
(97, 4)
(50, 70)
(16, 12)
(6, 86)
(16, 20)
(1, 64)
(15, 66)
(37, 5)
(41, 48)
(2, 47)
(80, 23)
(8, 83)
(4, 60)
(25, 13)
(57, 17)
(71, 21)
(14, 100)
(99, 29)
(45, 57)
(64, 22)
(3, 30)
(20, 64)
(7, 37)
(27, 41)
(25, 7)
(24, 89)
(90, 18)
(26, 14)
(64, 18)
(83, 5)
(30, 45)
(5, 45)
(77, 31)
(59, 8)
(52, 19)
(7, 27)
(71, 1)
(6, 84)
(3, 73)
(37, 32)
(71, 13)
(44, 15)
(29, 14)
(36, 25)
(69, 14)
(7, 2)
(9, 6)
(86, 6)
(69, 19)
(41, 23)
(12, 1)
(7, 60)
(38, 14)
(91, 1)
(32, 77)
(19, 27)
(83, 2)
(22, 86)
(36, 13)
(68, 70)
(39, 89)
(1, 83)
(7, 13)
(62, 8)
(39, 24)
(65, 31)
(92, 5)
(80, 14)
(21, 24)
(13, 30)
(67, 5)
(72, 2)
(46, 2)
(33, 43)
(27, 79)
(8, 21)
(99, 16)
(15, 86)
(4, 73)
(26, 97)
(6, 18)
(8, 56)
(69, 11)
(24, 32)
(54, 58)
(33, 3)
(6, 57)
(63, 3)
(70, 2)
(54, 19)
(13, 48)
(8, 25)
(70, 16)
(45, 14)
(7, 62)
(32, 8)
(66, 10)
(17, 35)
(20, 100)
(36, 22)
(86, 27)
(61, 11)
(38, 22)
(80, 17)
(88, 12)
(12, 62)
(33, 10)
(50, 17)
(27, 11)
(22, 21)
(79, 4)
(84, 31)
(12, 85)
(29, 76)
(29, 32)
(94, 1)
(19, 91)
(5, 75)
(9, 22)
(59, 15)
(70, 8)
(99, 6)
(84, 74)
(54, 32)
(79, 81)
(8, 10)
(71, 17)
(68, 94)
(32, 71)
(29, 75)
(15, 62)
(35, 36)
(3, 18)
(45, 7)
(10, 86)
(16, 60)
(23, 27)
(18, 37)
(79, 26)
(84, 11)
(57, 19)
(2, 20)
(3, 75)
(69, 21)
(15, 93)
(86, 22)
(89, 27)
(19, 52)
(84, 10)
(28, 17)
(81, 26)
(67, 24)
(18, 99)
(12, 83)
(22, 82)
(31, 100)
(23, 96)
(5, 82)
(14, 31)
(14, 66)
(11, 62)
(34, 33)
(15, 47)
(76, 19)
(12, 24)
(49, 44)
(89, 28)
(30, 13)
(74, 9)
(20, 28)
(24, 90)
(63, 2)
(96, 50)
(73, 12)
(28, 85)
(55, 25)
(16, 29)
(17, 22)
(73, 20)
(15, 2)
(51, 24)
(60, 12)
(17, 32)
(15, 96)
(22, 94)
(35, 20)
(28, 29)
(41, 4)
(87, 29)
(18, 43)
(32, 22)
(9, 20)
(15, 98)
(51, 26)
(29, 51)
(73, 7)
(28, 46)
(56, 8)
(14, 19)
(22, 38)
(9, 83)
(19, 13)
(83, 3)
(47, 22)
(38, 2)
(73, 31)
(1, 45)
(54, 8)
(17, 60)
(16, 7)
(81, 13)
(82, 21)
(29, 85)
(90, 94)
(99, 4)
(28, 49)
(19, 90)
(60, 16)
(20, 9)
(100, 23)
(10, 27)
(19, 46)
(26, 16)
(57, 27)
(43, 18)
(25, 39)
(2, 28)
(17, 5)
(33, 52)
(26, 79)
(10, 97)
(5, 67)
(33, 12)
(36, 16)
(20, 78)
(2, 66)
(1, 30)
(25, 100)
(30, 74)
(37, 18)
(6, 47)
(2, 38)
(24, 51)
(3, 61)
(70, 28)
(28, 20)
(9, 53)
(4, 97)
(4, 31)
(21, 88)
(12, 73)
(53, 23)
(23, 89)
(78, 25)
(53, 20)
(2, 10)
(65, 29)
(47, 6)
(26, 48)
(63, 12)
(18, 60)
(30, 58)
(49, 17)
(64, 21)
(30, 6)
(20, 70)
(37, 4)
(17, 7)
(65, 21)
(15, 89)
(19, 84)
(97, 10)
(39, 27)
(29, 78)
(17, 62)
(98, 31)
(6, 81)
(5, 88)
(10, 84)
(27, 95)
(63, 14)
(36, 27)
(79, 16)
(55, 10)
(79, 30)
(8, 5)
(7, 89)
(22, 60)
(32, 26)
(53, 19)
(43, 27)
(32, 10)
(31, 18)
(36, 26)
(34, 4)
(10, 54)
(65, 10)
(3, 14)
(81, 28)
(43, 92)
(20, 92)
(71, 32)
(32, 11)
(22, 50)
(5, 35)
(2, 79)
(60, 4)
(96, 5)
(26, 85)
(20, 5)
(7, 48)
(87, 24)
(27, 19)
(69, 73)
(37, 31)
(45, 13)
(2, 6)
(67, 16)
(3, 63)
(7, 54)
(32, 19)
(30, 1)
(45, 30)
(23, 46)
(31, 46)
(7, 17)
(6, 36)
(38, 11)
(15, 71)
(55, 16)
(22, 80)
(34, 18)
(32, 84)
(60, 32)
(8, 65)
(18, 55)
(77, 32)
(9, 66)
(14, 41)
(92, 4)
(12, 72)
(16, 32)
(78, 1)
(74, 18)
(35, 5)
(60, 29)
(43, 33)
(29, 55)
(26, 64)
(55, 12)
(85, 8)
(100, 27)
(68, 13)
(14, 69)
(97, 1)
(82, 18)
(21, 5)
(78, 13)
(14, 38)
(19, 76)
(94, 9)
(45, 32)
(80, 25)
(71, 4)
(89, 15)
(56, 17)
(74, 4)
(21, 93)
(86, 17)
(14, 40)
(31, 37)
(34, 27)
(32, 87)
(47, 26)
(34, 29)
(35, 30)
(1, 46)
(33, 16)
(1, 32)
(34, 7)
(30, 63)
(100, 31)
(40, 15)
(7, 92)
(48, 64)
(3, 55)
(22, 9)
(82, 6)
(12, 23)
(71, 22)
(28, 30)
(53, 25)
(7, 85)
(22, 54)
(14, 93)
(2, 15)
(1, 91)
(27, 100)
(62, 20)
(54, 18)
(64, 31)
(15, 81)
(14, 67)
(64, 20)
(18, 90)
(31, 93)
(80, 21)
(56, 21)
(47, 10)
(3, 72)
(34, 13)
(21, 80)
(88, 51)
(52, 15)
(6, 93)
(40, 5)
(14, 89)
(19, 88)
(95, 26)
(6, 2)
(30, 52)
(6, 33)
(2, 76)
(26, 10)
(58, 4)
(10, 65)
(13, 57)
(49, 65)
(35, 22)
(15, 73)
(46, 28)
(94, 3)
(18, 38)
(95, 23)
(31, 69)
(16, 100)
(97, 18)
(20, 33)
(59, 20)
(2, 46)
(78, 65)
(16, 91)
(27, 57)
(57, 13)
(62, 15)
(17, 43)
(11, 52)
(89, 24)
(100, 14)
(8, 81)
(14, 5)
(31, 39)
(33, 48)
(13, 45)
(1, 71)
(13, 69)
(60, 38)
(19, 9)
(51, 17)
(83, 14)
(22, 70)
(58, 13)
(58, 90)
(97, 9)
(5, 29)
(56, 26)
(9, 8)
(33, 6)
(79, 27)
(70, 17)
(89, 7)
(26, 46)
(26, 32)
(61, 8)
(3, 91)
(84, 23)
(62, 25)
(7, 77)
(13, 14)
(19, 32)
(71, 29)
(46, 26)
(8, 28)
(51, 30)
(8, 62)
(32, 1)
(69, 28)
(27, 89)
(4, 58)
(6, 22)
(50, 8)
(23, 8)
(64, 3)
(25, 43)
(28, 78)
(7, 29)
(12, 29)
(27, 17)
(39, 25)
(4, 49)
(17, 70)
(70, 68)
(100, 16)
(18, 84)
(4, 15)
(55, 27)
(15, 61)
(2, 82)
(78, 29)
(18, 34)
(21, 1)
(14, 98)
(21, 22)
(66, 9)
(3, 33)
(28, 35)
(9, 70)
(69, 8)
(37, 13)
(3, 77)
(29, 73)
(56, 55)
(44, 49)
(100, 56)
(34, 32)
(27, 47)
(47, 30)
(25, 3)
(60, 3)
(27, 39)
(9, 99)
(81, 16)
(31, 56)
(25, 30)
(11, 51)
(31, 11)
(59, 61)
(76, 22)
(4, 57)
(22, 64)
(19, 69)
(8, 57)
(92, 15)
(73, 4)
(16, 70)
(10, 57)
(90, 29)
(61, 15)
(62, 10)
(91, 2)
(32, 17)
(15, 99)
(16, 86)
(1, 65)
(26, 95)
(49, 59)
(31, 57)
(30, 75)
(85, 12)
(37, 10)
(8, 97)
(5, 15)
(18, 83)
(56, 1)
(64, 9)
(33, 15)
(81, 6)
(32, 45)
(4, 37)
(98, 5)
(92, 7)
(65, 49)
(7, 63)
(37, 29)
(59, 32)
(85, 18)
(50, 16)
(11, 18)
(63, 28)
(2, 55)
(35, 92)
(3, 54)
(73, 23)
(57, 93)
(5, 55)
(30, 15)
(27, 23)
(100, 95)
(9, 94)
(56, 100)
(72, 26)
(6, 9)
(34, 15)
(52, 8)
(2, 58)
(63, 55)
(1, 24)
(51, 12)
(55, 23)
(2, 63)
(1, 56)
(96, 23)
(5, 83)
(37, 40)
(4, 50)
(6, 70)
(29, 31)
(23, 56)
(8, 12)
(8, 80)
(56, 31)
(24, 87)
(25, 62)
(63, 18)
(41, 14)
(97, 11)
(48, 27)
(20, 36)
(49, 31)
(27, 36)
(16, 55)
(19, 50)
(30, 99)
(19, 53)
(67, 26)
(35, 7)
(25, 37)
(43, 32)
(73, 26)
(84, 6)
(14, 29)
(7, 64)
(41, 27)
(94, 68)
(22, 36)
(70, 12)
(2, 56)
(11, 44)
(90, 13)
(24, 84)
(32, 35)
(13, 9)
(23, 100)
(87, 32)
(76, 8)
(62, 12)
(29, 37)
(4, 79)
(5, 37)
(10, 37)
(58, 28)
(67, 14)
(31, 22)
(31, 49)
(10, 72)
(33, 35)
(6, 53)
(55, 3)
(13, 17)
(3, 25)
(40, 19)
(88, 74)
(23, 73)
(27, 77)
(28, 38)
(11, 84)
(1, 94)
(66, 6)
(30, 11)
(13, 6)
(27, 44)
(3, 57)
(24, 99)
(8, 33)
(5, 27)
(9, 51)
(20, 47)
(28, 33)
(6, 39)
(23, 84)
(42, 24)
(84, 32)
(73, 69)
(26, 15)
(28, 6)
(77, 27)
(26, 30)
(34, 28)
(15, 34)
(57, 45)
(55, 56)
(19, 54)
(62, 14)
(79, 20)
(94, 5)
(69, 23)
(31, 64)
(99, 15)
(16, 93)
(75, 2)
(30, 35)
(22, 17)
(64, 48)
(78, 73)
(18, 50)
(18, 6)
(84, 24)
(64, 15)
(39, 30)
(15, 30)
(29, 12)
(18, 75)
(29, 30)
(7, 50)
(26, 34)
(82, 19)
(26, 84)
(17, 71)
(17, 36)
(58, 82)
(72, 10)
(19, 82)
(17, 37)
(90, 2)
(67, 32)
(84, 15)
(56, 33)
(47, 8)
(58, 32)
(35, 6)
(32, 20)
(32, 97)
(42, 23)
(6, 67)
(32, 24)
(2, 40)
(49, 25)
(27, 32)
(19, 57)
(65, 37)
(26, 13)
(47, 16)
(63, 30)
(36, 6)
(7, 55)
(48, 57)
(79, 21)
(30, 17)
(95, 100)
(6, 3)
(18, 15)
(53, 99)
(68, 16)
(43, 21)
(83, 21)
(32, 16)
(28, 89)
(28, 70)
(37, 65)
(10, 47)
(11, 45)
(38, 60)
(81, 24)
(9, 72)
(75, 13)
(14, 26)
(5, 32)
(7, 31)
(84, 3)
(66, 5)
(10, 2)
(11, 74)
(74, 27)
(59, 27)
(1, 84)
(4, 6)
(60, 22)
(31, 77)
(73, 9)
(44, 32)
(32, 82)
(12, 97)
(18, 40)
(46, 47)
(75, 29)
(18, 21)
(21, 79)
(46, 1)
(20, 31)
(4, 66)
(36, 24)
(1, 85)
(47, 27)
(25, 58)
(66, 15)
(6, 44)
(44, 27)
(67, 4)
(46, 29)
(31, 4)
(81, 79)
(27, 43)
(37, 16)
(22, 47)
(27, 72)
(86, 26)
(23, 82)
(17, 72)
(57, 10)
(32, 5)
(38, 8)
(65, 17)
(19, 26)
(19, 12)
(25, 57)
(76, 2)
(31, 29)
(21, 60)
(8, 77)
(9, 28)
(86, 14)
(25, 11)
(55, 29)
(28, 56)
(55, 17)
(14, 11)
(29, 28)
(9, 33)
(53, 4)
(30, 14)
(24, 22)
(22, 61)
(6, 15)
(11, 97)
(17, 67)
(3, 84)
(83, 1)
(66, 11);

set L := 65
11
45
15
41
57
68
10
23
50
2
13
17
29
38
30
81
92
39
94
89
44
78
97
82
93
18
54
28
71
27
66
52
75
67
59
62
21
19
22
51
69
88
3
55
42
40
96
73
32
25
60
9
87
1
61
8
49
91
24
74
95
79
37
99
58
83
47
7
85
5
90
64
84
48
35
34
43
31
33
6
46
76
72
98
14
4
16
20
26
100
53
70
86
12
80
77
36
63
56;

set EL[1] :=
(34, 57)
(57, 34)
(55, 63)
(63, 55)
(4, 74)
(74, 4)
(5, 83)
(83, 5)
(17, 96)
(96, 17)
(23, 69)
(69, 23)
(24, 36)
(36, 24)
(30, 51)
(51, 30)
(30, 88)
(88, 30);

set EL[2] :=
(23, 96)
(96, 23)
(17, 86)
(86, 17)
(1, 56)
(56, 1)
(2, 72)
(72, 2)
(3, 25)
(25, 3)
(3, 56)
(56, 3)
(8, 32)
(32, 8)
(12, 72)
(72, 12)
(32, 50)
(50, 32);

set EL[3] :=
(91, 5)
(5, 91)
(5, 10)
(10, 5)
(11, 85)
(85, 11)
(13, 58)
(58, 13)
(17, 33)
(33, 17)
(22, 50)
(50, 22)
(32, 79)
(79, 32);

set EL[4] :=
(57, 45)
(45, 57)
(2, 58)
(58, 2)
(2, 71)
(71, 2)
(3, 73)
(73, 3)
(6, 28)
(28, 6)
(7, 8)
(8, 7)
(7, 16)
(16, 7)
(11, 44)
(44, 11)
(16, 23)
(23, 16)
(16, 72)
(72, 16)
(21, 24)
(24, 21);

set EL[5] :=
(2, 20)
(20, 2)
(4, 90)
(90, 4)
(7, 37)
(37, 7)
(14, 41)
(41, 14)
(15, 18)
(18, 15)
(18, 60)
(60, 18)
(21, 22)
(22, 21)
(22, 61)
(61, 22)
(23, 55)
(55, 23)
(25, 49)
(49, 25)
(28, 78)
(78, 28)
(32, 96)
(96, 32);

set EL[6] :=
(56, 55)
(55, 56)
(2, 6)
(6, 2)
(3, 8)
(8, 3)
(4, 67)
(67, 4)
(6, 48)
(48, 6)
(10, 64)
(64, 10)
(12, 56)
(56, 12)
(12, 60)
(60, 12)
(15, 59)
(59, 15)
(15, 91)
(91, 15)
(16, 70)
(70, 16)
(29, 31)
(31, 29)
(29, 77)
(77, 29)
(31, 49)
(49, 31);

set EL[7] :=
(42, 24)
(24, 42)
(1, 14)
(14, 1)
(3, 21)
(21, 3)
(10, 26)
(26, 10)
(15, 96)
(96, 15)
(16, 86)
(86, 16)
(25, 80)
(80, 25)
(29, 90)
(90, 29);

set EL[8] :=
(44, 49)
(49, 44)
(6, 70)
(70, 6)
(8, 56)
(56, 8)
(8, 76)
(76, 8)
(10, 62)
(62, 10)
(17, 29)
(29, 17)
(21, 82)
(82, 21)
(22, 38)
(38, 22)
(33, 35)
(35, 33);

set EL[9] :=
(44, 18)
(18, 44)
(51, 88)
(88, 51)
(3, 6)
(6, 3)
(7, 25)
(25, 7)
(8, 9)
(9, 8)
(10, 63)
(63, 10)
(15, 84)
(84, 15)
(15, 92)
(92, 15)
(19, 84)
(84, 19)
(23, 41)
(41, 23)
(26, 34)
(34, 26)
(32, 82)
(82, 32);

set EL[10] :=
(20, 62)
(62, 20)
(4, 71)
(71, 4)
(2, 63)
(63, 2)
(6, 84)
(84, 6)
(6, 93)
(93, 6)
(11, 62)
(62, 11)
(12, 70)
(70, 12)
(12, 96)
(96, 12)
(15, 75)
(75, 15)
(15, 86)
(86, 15)
(17, 30)
(30, 17)
(18, 75)
(75, 18)
(25, 39)
(39, 25)
(25, 44)
(44, 25)
(25, 90)
(90, 25);

set EL[11] :=
(16, 33)
(33, 16)
(37, 65)
(65, 37)
(1, 67)
(67, 1)
(2, 66)
(66, 2)
(3, 33)
(33, 3)
(4, 60)
(60, 4)
(5, 96)
(96, 5)
(6, 49)
(49, 6)
(7, 73)
(73, 7)
(7, 79)
(79, 7)
(20, 32)
(32, 20)
(20, 69)
(69, 20)
(27, 74)
(74, 27);

set EL[12] :=
(10, 86)
(86, 10)
(3, 57)
(57, 3)
(3, 80)
(80, 3)
(4, 73)
(73, 4)
(8, 28)
(28, 8)
(26, 28)
(28, 26)
(31, 75)
(75, 31)
(32, 57)
(57, 32);

set EL[13] :=
(2, 41)
(41, 2)
(5, 69)
(69, 5)
(6, 22)
(22, 6)
(16, 29)
(29, 16)
(16, 47)
(47, 16)
(17, 60)
(60, 17)
(18, 21)
(21, 18)
(19, 54)
(54, 19)
(24, 67)
(67, 24)
(25, 62)
(62, 25)
(27, 41)
(41, 27)
(29, 41)
(41, 29);

set EL[14] :=
(70, 50)
(50, 70)
(7, 89)
(89, 7)
(11, 96)
(96, 11)
(17, 49)
(49, 17)
(22, 24)
(24, 22)
(23, 95)
(95, 23)
(26, 93)
(93, 26)
(31, 65)
(65, 31);

set EL[15] :=
(58, 90)
(90, 58)
(2, 55)
(55, 2)
(8, 52)
(52, 8)
(9, 63)
(63, 9)
(15, 30)
(30, 15)
(22, 84)
(84, 22)
(30, 75)
(75, 30);

set EL[16] :=
(31, 55)
(55, 31)
(1, 45)
(45, 1)
(1, 59)
(59, 1)
(5, 14)
(14, 5)
(5, 20)
(20, 5)
(11, 37)
(37, 11)
(12, 37)
(37, 12)
(23, 80)
(80, 23)
(28, 30)
(30, 28)
(29, 44)
(44, 29);

set EL[17] :=
(5, 21)
(21, 5)
(7, 31)
(31, 7)
(11, 29)
(29, 11)
(27, 87)
(87, 27)
(31, 61)
(61, 31);

set EL[18] :=
(17, 43)
(43, 17)
(3, 44)
(44, 3)
(8, 77)
(77, 8)
(10, 37)
(37, 10)
(11, 64)
(64, 11)
(18, 43)
(43, 18)
(19, 46)
(46, 19)
(27, 95)
(95, 27)
(29, 30)
(30, 29)
(29, 78)
(78, 29);

set EL[19] :=
(4, 14)
(14, 4)
(8, 38)
(38, 8)
(14, 86)
(86, 14)
(30, 45)
(45, 30)
(32, 60)
(60, 32);

set EL[20] :=
(59, 61)
(61, 59)
(7, 48)
(48, 7)
(12, 83)
(83, 12)
(18, 63)
(63, 18)
(28, 38)
(38, 28)
(32, 39)
(39, 32);

set EL[21] :=
(53, 6)
(6, 53)
(6, 33)
(33, 6)
(9, 72)
(72, 9)
(9, 94)
(94, 9)
(17, 89)
(89, 17)
(19, 72)
(72, 19)
(24, 81)
(81, 24)
(26, 73)
(73, 26)
(27, 57)
(57, 27)
(30, 53)
(53, 30)
(31, 33)
(33, 31);

set EL[22] :=
(16, 60)
(60, 16)
(28, 17)
(17, 28)
(3, 4)
(4, 3)
(11, 66)
(66, 11)
(13, 48)
(48, 13)
(14, 100)
(100, 14)
(33, 56)
(56, 33);

set EL[23] :=
(5, 75)
(75, 5)
(9, 64)
(64, 9)
(13, 89)
(89, 13)
(14, 89)
(89, 14)
(16, 31)
(31, 16)
(17, 51)
(51, 17)
(22, 30)
(30, 22)
(23, 84)
(84, 23)
(24, 80)
(80, 24)
(32, 34)
(34, 32);

set EL[24] :=
(65, 78)
(78, 65)
(1, 85)
(85, 1)
(4, 53)
(53, 4)
(5, 92)
(92, 5)
(6, 78)
(78, 6)
(7, 41)
(41, 7)
(7, 67)
(67, 7)
(14, 30)
(30, 14)
(15, 26)
(26, 15)
(18, 34)
(34, 18)
(18, 74)
(74, 18)
(20, 42)
(42, 20)
(21, 79)
(79, 21)
(26, 32)
(32, 26)
(26, 100)
(100, 26)
(29, 71)
(71, 29);

set EL[25] :=
(2, 33)
(33, 2)
(3, 60)
(60, 3)
(6, 57)
(57, 6)
(11, 30)
(30, 11)
(13, 75)
(75, 13)
(27, 60)
(60, 27)
(27, 89)
(89, 27)
(28, 67)
(67, 28);

set EL[26] :=
(25, 94)
(94, 25)
(1, 30)
(30, 1)
(2, 43)
(43, 2)
(12, 24)
(24, 12)
(14, 38)
(38, 14)
(16, 37)
(37, 16)
(16, 93)
(93, 16)
(17, 68)
(68, 17)
(18, 85)
(85, 18)
(20, 47)
(47, 20)
(28, 32)
(32, 28)
(28, 95)
(95, 28);

set EL[27] :=
(52, 13)
(13, 52)
(5, 25)
(25, 5)
(32, 87)
(87, 32);

set EL[28] :=
(35, 92)
(92, 35)
(1, 74)
(74, 1)
(16, 80)
(80, 16)
(24, 50)
(50, 24)
(32, 98)
(98, 32);

set EL[29] :=
(47, 46)
(46, 47)
(92, 43)
(43, 92)
(59, 27)
(27, 59)
(58, 54)
(54, 58)
(10, 72)
(72, 10)
(10, 96)
(96, 10)
(17, 99)
(99, 17)
(18, 39)
(39, 18)
(18, 67)
(67, 18)
(20, 28)
(28, 20)
(24, 31)
(31, 24)
(24, 89)
(89, 24)
(26, 69)
(69, 26)
(32, 67)
(67, 32);

set EL[30] :=
(84, 30)
(30, 84)
(5, 34)
(34, 5)
(8, 50)
(50, 8)
(12, 16)
(16, 12)
(20, 33)
(33, 20)
(22, 29)
(29, 22)
(25, 100)
(100, 25);

set EL[31] :=
(12, 51)
(51, 12)
(1, 25)
(25, 1)
(4, 97)
(97, 4)
(8, 59)
(59, 8)
(10, 38)
(38, 10)
(11, 35)
(35, 11)
(14, 93)
(93, 14)
(15, 49)
(49, 15)
(17, 62)
(62, 17)
(17, 71)
(71, 17)
(18, 97)
(97, 18)
(19, 57)
(57, 19)
(19, 91)
(91, 19)
(20, 35)
(35, 20)
(21, 69)
(69, 21)
(33, 52)
(52, 33);

set EL[32] :=
(41, 48)
(48, 41)
(19, 40)
(40, 19)
(19, 50)
(50, 19)
(27, 39)
(39, 27)
(28, 34)
(34, 28);

set EL[33] :=
(2, 60)
(60, 2)
(3, 72)
(72, 3)
(5, 84)
(84, 5)
(6, 99)
(99, 6)
(8, 80)
(80, 8)
(16, 20)
(20, 16)
(16, 99)
(99, 16)
(17, 72)
(72, 17)
(22, 71)
(71, 22)
(24, 87)
(87, 24);

set EL[34] :=
(95, 100)
(100, 95)
(3, 82)
(82, 3)
(4, 10)
(10, 4)
(7, 70)
(70, 7)
(15, 25)
(25, 15)
(17, 65)
(65, 17)
(21, 71)
(71, 21)
(29, 87)
(87, 29);

set EL[35] :=
(100, 23)
(23, 100)
(3, 83)
(83, 3)
(5, 17)
(17, 5)
(7, 55)
(55, 7)
(9, 31)
(31, 9)
(15, 77)
(77, 15)
(16, 36)
(36, 16)
(17, 22)
(22, 17)
(21, 36)
(36, 21)
(22, 86)
(86, 22)
(23, 58)
(58, 23)
(24, 32)
(32, 24)
(24, 51)
(51, 24)
(27, 99)
(99, 27)
(31, 84)
(84, 31);

set EL[36] :=
(45, 98)
(98, 45)
(77, 31)
(31, 77)
(16, 55)
(55, 16)
(19, 32)
(32, 19)
(27, 85)
(85, 27)
(32, 37)
(37, 32);

set EL[37] :=
(7, 77)
(77, 7)
(14, 62)
(62, 14)
(21, 83)
(83, 21)
(23, 42)
(42, 23)
(25, 78)
(78, 25);

set EL[38] :=
(4, 49)
(49, 4)
(5, 32)
(32, 5)
(8, 69)
(69, 8)
(8, 83)
(83, 8)
(11, 32)
(32, 11)
(19, 31)
(31, 19)
(21, 65)
(65, 21)
(22, 47)
(47, 22)
(22, 64)
(64, 22)
(24, 92)
(92, 24);

set EL[39] :=
(3, 63)
(63, 3)
(3, 30)
(30, 3)
(6, 47)
(47, 6)
(10, 57)
(57, 10)
(11, 25)
(25, 11)
(11, 51)
(51, 11)
(15, 33)
(33, 15)
(27, 48)
(48, 27)
(29, 62)
(62, 29);

set EL[40] :=
(48, 57)
(57, 48)
(2, 7)
(7, 2)
(3, 91)
(91, 3)
(8, 73)
(73, 8)
(9, 74)
(74, 9)
(12, 23)
(23, 12)
(14, 19)
(19, 14)
(14, 63)
(63, 14)
(17, 57)
(57, 17)
(27, 44)
(44, 27);

set EL[41] :=
(88, 74)
(74, 88)
(1, 84)
(84, 1)
(7, 17)
(17, 7)
(7, 63)
(63, 7)
(11, 45)
(45, 11)
(23, 82)
(82, 23)
(27, 32)
(32, 27)
(31, 57)
(57, 31)
(31, 95)
(95, 31);

set EL[42] :=
(76, 29)
(29, 76)
(1, 24)
(24, 1)
(4, 31)
(31, 4)
(11, 61)
(61, 11)
(12, 63)
(63, 12)
(14, 34)
(34, 14)
(17, 35)
(35, 17)
(18, 86)
(86, 18)
(23, 24)
(24, 23)
(25, 69)
(69, 25)
(26, 95)
(95, 26);

set EL[43] :=
(2, 90)
(90, 2)
(6, 82)
(82, 6)
(15, 64)
(64, 15)
(17, 40)
(40, 17)
(25, 70)
(70, 25)
(26, 45)
(45, 26)
(30, 60)
(60, 30);

set EL[44] :=
(6, 42)
(42, 6)
(1, 26)
(26, 1)
(2, 31)
(31, 2)
(12, 88)
(88, 12)
(15, 66)
(66, 15)
(20, 86)
(86, 20)
(21, 60)
(60, 21)
(24, 63)
(63, 24)
(27, 43)
(43, 27)
(31, 37)
(37, 31)
(31, 64)
(64, 31)
(32, 43)
(43, 32);

set EL[45] :=
(4, 99)
(99, 4)
(7, 21)
(21, 7)
(12, 29)
(29, 12)
(12, 31)
(31, 12)
(12, 40)
(40, 12)
(16, 100)
(100, 16)
(20, 73)
(73, 20)
(22, 76)
(76, 22)
(24, 53)
(53, 24);

set EL[46] :=
(2, 4)
(4, 2)
(6, 81)
(81, 6)
(9, 19)
(19, 9)
(9, 33)
(33, 9)
(13, 64)
(64, 13)
(15, 40)
(40, 15)
(16, 81)
(81, 16)
(17, 32)
(32, 17)
(18, 46)
(46, 18)
(21, 25)
(25, 21)
(21, 80)
(80, 21)
(22, 70)
(70, 22)
(27, 100)
(100, 27)
(29, 60)
(60, 29)
(30, 52)
(52, 30)
(31, 83)
(83, 31);

set EL[47] :=
(11, 31)
(31, 11)
(2, 83)
(83, 2)
(13, 68)
(68, 13)
(17, 52)
(52, 17)
(20, 66)
(66, 20)
(28, 70)
(70, 28);

set EL[48] :=
(67, 57)
(57, 67)
(6, 30)
(30, 6)
(10, 87)
(87, 10)
(12, 15)
(15, 12)
(12, 19)
(19, 12)
(15, 60)
(60, 15)
(16, 94)
(94, 16)
(19, 26)
(26, 19)
(20, 27)
(27, 20)
(22, 79)
(79, 22)
(29, 55)
(55, 29)
(30, 47)
(47, 30)
(30, 64)
(64, 30)
(32, 40)
(40, 32);

set EL[49] :=
(85, 29)
(29, 85)
(73, 69)
(69, 73)
(45, 32)
(32, 45)
(9, 97)
(97, 9)
(1, 57)
(57, 1)
(3, 61)
(61, 3)
(6, 13)
(13, 6)
(7, 62)
(62, 7)
(9, 44)
(44, 9)
(9, 73)
(73, 9)
(9, 83)
(83, 9)
(14, 98)
(98, 14)
(19, 69)
(69, 19)
(32, 44)
(44, 32)
(32, 90)
(90, 32);

set EL[50] :=
(2, 99)
(99, 2)
(3, 43)
(43, 3)
(7, 34)
(34, 7)
(13, 25)
(25, 13)
(13, 74)
(74, 13)
(15, 62)
(62, 15)
(20, 49)
(49, 20);

set EL[51] :=
(2, 9)
(9, 2)
(7, 72)
(72, 7)
(9, 45)
(45, 9)
(10, 54)
(54, 10)
(18, 51)
(51, 18)
(23, 51)
(51, 23)
(23, 53)
(53, 23)
(25, 57)
(57, 25)
(26, 29)
(29, 26);

set EL[52] :=
(54, 32)
(32, 54)
(65, 49)
(49, 65)
(16, 26)
(26, 16)
(1, 71)
(71, 1)
(13, 57)
(57, 13)
(20, 64)
(64, 20)
(20, 79)
(79, 20)
(21, 74)
(74, 21)
(28, 33)
(33, 28)
(32, 58)
(58, 32);

set EL[53] :=
(2, 28)
(28, 2)
(2, 38)
(38, 2)
(4, 66)
(66, 4)
(6, 67)
(67, 6)
(8, 25)
(25, 8)
(13, 60)
(60, 13)
(17, 18)
(18, 17)
(17, 50)
(50, 17)
(18, 84)
(84, 18)
(20, 65)
(65, 20)
(24, 82)
(82, 24)
(25, 30)
(30, 25)
(25, 58)
(58, 25)
(29, 46)
(46, 29)
(29, 67)
(67, 29);

set EL[54] :=
(1, 17)
(17, 1)
(5, 78)
(78, 5)
(6, 29)
(29, 6)
(11, 74)
(74, 11)
(14, 80)
(80, 14)
(15, 53)
(53, 15)
(15, 98)
(98, 15)
(16, 91)
(91, 16)
(19, 74)
(74, 19)
(19, 82)
(82, 19)
(19, 90)
(90, 19)
(26, 56)
(56, 26);

set EL[55] :=
(87, 22)
(22, 87)
(84, 74)
(74, 84)
(4, 15)
(15, 4)
(5, 66)
(66, 5)
(6, 15)
(15, 6)
(13, 30)
(30, 13)
(14, 83)
(83, 14)
(17, 41)
(41, 17)
(21, 77)
(77, 21)
(26, 49)
(49, 26)
(27, 55)
(55, 27);

set EL[56] :=
(30, 99)
(99, 30)
(82, 58)
(58, 82)
(40, 1)
(1, 40)
(1, 16)
(16, 1)
(3, 84)
(84, 3)
(5, 55)
(55, 5)
(8, 81)
(81, 8)
(13, 14)
(14, 13)
(21, 91)
(91, 21)
(26, 48)
(48, 26);

set EL[57] :=
(49, 59)
(59, 49)
(3, 95)
(95, 3)
(8, 12)
(12, 8)
(14, 40)
(40, 14)
(22, 31)
(31, 22)
(30, 63)
(63, 30)
(30, 74)
(74, 30);

set EL[58] :=
(36, 35)
(35, 36)
(21, 1)
(1, 21)
(5, 95)
(95, 5)
(11, 40)
(40, 11)
(20, 97)
(97, 20)
(21, 96)
(96, 21)
(23, 92)
(92, 23)
(28, 89)
(89, 28)
(31, 93)
(93, 31)
(31, 98)
(98, 31);

set EL[59] :=
(56, 100)
(100, 56)
(13, 37)
(37, 13)
(17, 38)
(38, 17)
(22, 54)
(54, 22)
(27, 47)
(47, 27)
(29, 75)
(75, 29);

set EL[60] :=
(93, 57)
(57, 93)
(1, 10)
(10, 1)
(6, 92)
(92, 6)
(7, 12)
(12, 7)
(9, 66)
(66, 9)
(11, 95)
(95, 11)
(22, 35)
(35, 22)
(24, 34)
(34, 24);

set EL[61] :=
(1, 78)
(78, 1)
(8, 70)
(70, 8)
(17, 27)
(27, 17)
(17, 93)
(93, 17)
(21, 72)
(72, 21)
(24, 84)
(84, 24)
(26, 72)
(72, 26)
(26, 79)
(79, 26)
(26, 81)
(81, 26)
(28, 46)
(46, 28)
(28, 69)
(69, 28);

set EL[62] :=
(50, 96)
(96, 50)
(1, 83)
(83, 1)
(3, 54)
(54, 3)
(8, 10)
(10, 8)
(13, 19)
(19, 13)
(20, 31)
(31, 20)
(23, 54)
(54, 23)
(23, 56)
(56, 23)
(26, 36)
(36, 26)
(26, 85)
(85, 26)
(26, 86)
(86, 26)
(30, 39)
(39, 30);

set EL[63] :=
(81, 15)
(15, 81)
(30, 48)
(48, 30)
(6, 9)
(9, 6)
(8, 51)
(51, 8)
(10, 32)
(32, 10)
(11, 22)
(22, 11)
(14, 97)
(97, 14)
(21, 93)
(93, 21)
(33, 48)
(48, 33)
(33, 59)
(59, 33);

set EL[64] :=
(2, 56)
(56, 2)
(2, 61)
(61, 2)
(5, 42)
(42, 5)
(8, 62)
(62, 8)
(16, 38)
(38, 16)
(18, 55)
(55, 18)
(18, 83)
(83, 18)
(23, 73)
(73, 23)
(24, 90)
(90, 24);

set EL[65] :=
(73, 29)
(29, 73)
(50, 91)
(91, 50)
(1, 46)
(46, 1)
(5, 43)
(43, 5)
(5, 82)
(82, 5)
(5, 87)
(87, 5)
(10, 33)
(33, 10)
(11, 93)
(93, 11)
(12, 73)
(73, 12)
(13, 95)
(95, 13)
(14, 60)
(60, 14)
(15, 73)
(73, 15);

set EL[66] :=
(79, 81)
(81, 79)
(40, 2)
(2, 40)
(5, 80)
(80, 5)
(13, 81)
(81, 13)
(15, 67)
(67, 15)
(16, 67)
(67, 16)
(19, 52)
(52, 19);

set EL[67] :=
(60, 38)
(38, 60)
(49, 28)
(28, 49)
(13, 45)
(45, 13)
(13, 100)
(100, 13)
(15, 95)
(95, 15)
(22, 82)
(82, 22)
(23, 70)
(70, 23)
(25, 37)
(37, 25)
(26, 64)
(64, 26)
(28, 35)
(35, 28)
(28, 92)
(92, 28);

set EL[68] :=
(94, 68)
(68, 94)
(2, 76)
(76, 2)
(8, 57)
(57, 8)
(11, 67)
(67, 11)
(12, 55)
(55, 12)
(14, 29)
(29, 14)
(22, 36)
(36, 22);

set EL[69] :=
(12, 33)
(33, 12)
(13, 1)
(1, 13)
(23, 89)
(89, 23)
(1, 12)
(12, 1)
(3, 52)
(52, 3)
(3, 55)
(55, 3)
(6, 44)
(44, 6)
(8, 61)
(61, 8)
(11, 89)
(89, 11)
(13, 67)
(67, 13)
(13, 90)
(90, 13)
(19, 77)
(77, 19)
(20, 76)
(76, 20)
(21, 58)
(58, 21)
(28, 63)
(63, 28);

set EL[70] :=
(39, 89)
(89, 39)
(57, 75)
(75, 57)
(2, 75)
(75, 2)
(3, 64)
(64, 3)
(10, 45)
(45, 10)
(12, 93)
(93, 12)
(20, 36)
(36, 20)
(20, 60)
(60, 20)
(20, 88)
(88, 20)
(20, 100)
(100, 20)
(21, 56)
(56, 21)
(29, 94)
(94, 29)
(31, 81)
(81, 31)
(33, 43)
(43, 33);

set EL[71] :=
(2, 10)
(10, 2)
(4, 46)
(46, 4)
(9, 28)
(28, 9)
(22, 32)
(32, 22)
(24, 35)
(35, 24)
(25, 55)
(55, 25)
(28, 58)
(58, 28);

set EL[72] :=
(17, 80)
(80, 17)
(2, 3)
(3, 2)
(6, 65)
(65, 6)
(8, 65)
(65, 8)
(9, 22)
(22, 9)
(12, 97)
(97, 12)
(18, 88)
(88, 18)
(22, 80)
(80, 22)
(26, 97)
(97, 26)
(29, 65)
(65, 29)
(30, 69)
(69, 30)
(32, 61)
(61, 32);

set EL[73] :=
(14, 26)
(26, 14)
(1, 97)
(97, 1)
(7, 43)
(43, 7)
(7, 54)
(54, 7)
(15, 52)
(52, 15)
(18, 40)
(40, 18)
(21, 63)
(63, 21)
(22, 93)
(93, 22)
(25, 29)
(29, 25);

set EL[74] :=
(68, 70)
(70, 68)
(2, 91)
(91, 2)
(6, 35)
(35, 6)
(7, 29)
(29, 7)
(14, 76)
(76, 14)
(17, 56)
(56, 17)
(18, 38)
(38, 18)
(18, 69)
(69, 18)
(21, 64)
(64, 21)
(24, 99)
(99, 24)
(26, 51)
(51, 26);

set EL[75] :=
(2, 15)
(15, 2)
(2, 47)
(47, 2)
(2, 82)
(82, 2)
(4, 37)
(37, 4)
(5, 8)
(8, 5)
(8, 23)
(23, 8)
(10, 84)
(84, 10)
(13, 34)
(34, 13)
(21, 66)
(66, 21)
(22, 94)
(94, 22)
(24, 39)
(39, 24)
(25, 43)
(43, 25)
(25, 53)
(53, 25)
(25, 96)
(96, 25)
(26, 67)
(67, 26)
(32, 33)
(33, 32);

set EL[76] :=
(19, 100)
(100, 19)
(28, 55)
(55, 28)
(1, 94)
(94, 1)
(5, 88)
(88, 5)
(12, 62)
(62, 12)
(15, 54)
(54, 15)
(15, 61)
(61, 15)
(17, 74)
(74, 17)
(23, 31)
(31, 23)
(25, 36)
(36, 25)
(27, 36)
(36, 27)
(31, 63)
(63, 31)
(33, 54)
(54, 33);

set EL[77] :=
(4, 50)
(50, 4)
(5, 37)
(37, 5)
(7, 60)
(60, 7)
(11, 69)
(69, 11)
(13, 26)
(26, 13)
(14, 31)
(31, 14)
(15, 99)
(99, 15)
(23, 61)
(61, 23)
(26, 47)
(47, 26)
(29, 34)
(34, 29)
(29, 61)
(61, 29)
(30, 35)
(35, 30);

set EL[78] :=
(48, 64)
(64, 48)
(13, 36)
(36, 13)
(15, 71)
(71, 15)
(20, 53)
(53, 20)
(27, 77)
(77, 27)
(27, 86)
(86, 27)
(31, 73)
(73, 31);

set EL[79] :=
(2, 46)
(46, 2)
(4, 79)
(79, 4)
(4, 92)
(92, 4)
(6, 39)
(39, 6)
(8, 33)
(33, 8)
(9, 20)
(20, 9)
(10, 55)
(55, 10)
(10, 99)
(99, 10)
(15, 80)
(80, 15)
(18, 90)
(90, 18)
(29, 99)
(99, 29);

set EL[80] :=
(73, 78)
(78, 73)
(3, 58)
(58, 3)
(4, 41)
(41, 4)
(5, 93)
(93, 5)
(8, 24)
(24, 8)
(9, 51)
(51, 9)
(18, 31)
(31, 18)
(18, 37)
(37, 18)
(18, 64)
(64, 18)
(20, 78)
(78, 20)
(28, 74)
(74, 28);

set EL[81] :=
(70, 20)
(20, 70)
(1, 91)
(91, 1)
(4, 57)
(57, 4)
(11, 75)
(75, 11)
(16, 41)
(41, 16)
(16, 79)
(79, 16)
(17, 36)
(36, 17)
(18, 50)
(50, 18)
(18, 54)
(54, 18)
(18, 99)
(99, 18)
(20, 92)
(92, 20)
(26, 42)
(42, 26)
(28, 56)
(56, 28);

set EL[82] :=
(99, 53)
(53, 99)
(72, 14)
(14, 72)
(4, 6)
(6, 4)
(4, 77)
(77, 4)
(7, 50)
(50, 7)
(9, 85)
(85, 9)
(11, 18)
(18, 11)
(11, 77)
(77, 11)
(12, 52)
(52, 12)
(12, 85)
(85, 12)
(13, 69)
(69, 13)
(16, 32)
(32, 16)
(17, 54)
(54, 17)
(18, 76)
(76, 18)
(22, 60)
(60, 22)
(26, 84)
(84, 26)
(32, 71)
(71, 32)
(33, 34)
(34, 33);

set EL[83] :=
(87, 26)
(26, 87)
(3, 94)
(94, 3)
(5, 15)
(15, 5)
(5, 79)
(79, 5)
(11, 38)
(38, 11)
(14, 67)
(67, 14)
(19, 27)
(27, 19)
(19, 53)
(53, 19)
(29, 32)
(32, 29)
(31, 90)
(90, 31);

set EL[84] :=
(5, 46)
(46, 5)
(7, 27)
(27, 7)
(9, 68)
(68, 9)
(10, 56)
(56, 10)
(11, 58)
(58, 11)
(13, 32)
(32, 13)
(13, 71)
(71, 13)
(18, 82)
(82, 18)
(28, 86)
(86, 28)
(32, 36)
(36, 32)
(32, 84)
(84, 32);

set EL[85] :=
(15, 34)
(34, 15)
(17, 37)
(37, 17)
(23, 27)
(27, 23)
(26, 30)
(30, 26);

set EL[86] :=
(8, 97)
(97, 8)
(10, 76)
(76, 10)
(11, 83)
(83, 11)
(14, 69)
(69, 14)
(17, 55)
(55, 17)
(17, 81)
(81, 17)
(19, 76)
(76, 19)
(21, 84)
(84, 21)
(26, 46)
(46, 26);

set EL[87] :=
(8, 92)
(92, 8)
(9, 53)
(53, 9)
(11, 14)
(14, 11)
(22, 74)
(74, 22)
(24, 59)
(59, 24);

set EL[88] :=
(66, 14)
(14, 66)
(3, 79)
(79, 3)
(10, 27)
(27, 10)
(13, 17)
(17, 13)
(15, 27)
(27, 15)
(15, 47)
(47, 15)
(19, 88)
(88, 19)
(31, 56)
(56, 31);

set EL[89] :=
(42, 83)
(83, 42)
(95, 4)
(4, 95)
(2, 79)
(79, 2)
(3, 14)
(14, 3)
(5, 94)
(94, 5)
(6, 36)
(36, 6)
(10, 47)
(47, 10)
(11, 97)
(97, 11)
(12, 64)
(64, 12)
(20, 40)
(40, 20);

set EL[90] :=
(6, 38)
(38, 6)
(11, 27)
(27, 11)
(15, 93)
(93, 15)
(30, 33)
(33, 30)
(32, 97)
(97, 32);

set EL[91] :=
(5, 67)
(67, 5)
(6, 86)
(86, 6)
(7, 85)
(85, 7)
(8, 54)
(54, 8)
(20, 41)
(41, 20)
(29, 37)
(37, 29)
(29, 51)
(51, 29)
(30, 58)
(58, 30);

set EL[92] :=
(5, 40)
(40, 5)
(7, 45)
(45, 7)
(8, 21)
(21, 8)
(8, 34)
(34, 8)
(13, 78)
(78, 13)
(27, 34)
(34, 27)
(27, 52)
(52, 27)
(28, 84)
(84, 28);

set EL[93] :=
(1, 65)
(65, 1)
(4, 34)
(34, 4)
(6, 87)
(87, 6)
(27, 79)
(79, 27)
(28, 80)
(80, 28)
(31, 39)
(39, 31)
(32, 59)
(59, 32);

set EL[94] :=
(3, 77)
(77, 3)
(5, 27)
(27, 5)
(5, 35)
(35, 5)
(6, 66)
(66, 6)
(10, 65)
(65, 10)
(10, 66)
(66, 10)
(17, 67)
(67, 17)
(23, 38)
(38, 23)
(32, 35)
(35, 32);

set EL[95] :=
(1, 64)
(64, 1)
(1, 96)
(96, 1)
(3, 75)
(75, 3)
(5, 29)
(29, 5)
(7, 78)
(78, 7)
(12, 26)
(26, 12)
(15, 44)
(44, 15)
(15, 89)
(89, 15)
(18, 47)
(47, 18)
(28, 29)
(29, 28);

set EL[96] :=
(13, 7)
(7, 13)
(2, 70)
(70, 2)
(12, 58)
(58, 12)
(14, 45)
(45, 14)
(17, 70)
(70, 17)
(20, 59)
(59, 20)
(21, 43)
(43, 21)
(27, 72)
(72, 27)
(28, 85)
(85, 28)
(29, 39)
(39, 29)
(32, 77)
(77, 32)
(33, 62)
(62, 33);

set EL[97] :=
(3, 18)
(18, 3)
(8, 47)
(47, 8)
(8, 63)
(63, 8)
(9, 70)
(70, 9)
(11, 52)
(52, 11)
(15, 100)
(100, 15)
(21, 88)
(88, 21)
(25, 76)
(76, 25)
(30, 94)
(94, 30);

set EL[98] :=
(8, 85)
(85, 8)
(5, 98)
(98, 5)
(9, 99)
(99, 9)
(10, 97)
(97, 10)
(11, 84)
(84, 11)
(12, 61)
(61, 12)
(14, 79)
(79, 14)
(20, 96)
(96, 20)
(23, 35)
(35, 23)
(28, 81)
(81, 28)
(29, 40)
(40, 29);

set EL[99] :=
(79, 30)
(30, 79)
(94, 90)
(90, 94)
(40, 37)
(37, 40)
(1, 32)
(32, 1)
(1, 53)
(53, 1)
(7, 35)
(35, 7)
(9, 13)
(13, 9)
(16, 50)
(50, 16)
(16, 68)
(68, 16)
(30, 82)
(82, 30)
(31, 69)
(69, 31);

set EL[100] :=
(2, 27)
(27, 2)
(3, 92)
(92, 3)
(4, 58)
(58, 4)
(5, 45)
(45, 5)
(6, 18)
(18, 6)
(7, 64)
(64, 7)
(7, 92)
(92, 7)
(19, 71)
(71, 19)
(21, 47)
(47, 21)
(21, 99)
(99, 21)
(23, 46)
(46, 23)
(31, 46)
(46, 31)
(31, 100)
(100, 31)
(33, 46)
(46, 33);

param sizeV := 100;

param sizeEL := 
1 18
2 18
3 14
4 22
5 24
6 28
7 16
8 18
9 24
10 30
11 26
12 16
13 24
14 16
15 14
16 20
17 10
18 20
19 10
20 12
21 22
22 14
23 20
24 32
25 16
26 24
27 6
28 10
29 28
30 14
31 32
32 10
33 20
34 16
35 30
36 12
37 10
38 20
39 18
40 20
41 18
42 22
43 14
44 24
45 18
46 32
47 12
48 28
49 30
50 14
51 18
52 20
53 30
54 24
55 22
56 20
57 14
58 20
59 12
60 16
61 22
62 24
63 20
64 18
65 24
66 14
67 22
68 14
69 30
70 28
71 14
72 24
73 18
74 22
75 32
76 26
77 24
78 14
79 22
80 22
81 26
82 36
83 20
84 22
85 8
86 18
87 10
88 16
89 20
90 10
91 16
92 16
93 14
94 18
95 20
96 24
97 18
98 22
99 22
100 28;

end;